R0,E,I,R,q5,q10,q25,q50,q75,q90,q95,
0.1,1,1,5000,5,6,10,16,23,31,41,
0.9,1,1,5000,6,7,13,28,72,167.2,274.2,
0.1,500,1,5000,59,62,66,72,81,91,98,
0.9,500,1,5000,683.95,754.9,908,1122,1372.25,1667.2,1853.1,
0.1,1,500,5000,45.95,48,52,59,67,77,86,
0.9,1,500,5000,539.85,592.7,731,925.5,1156.25,1467.1,1699.15,
0.1,500,500,5000,60,63,68,75,84,93,100,
0.9,500,500,5000,788.9,864,1015,1212,1467.5,1743.1,1934.5,
0.1,1,1,1e+06,5,7,10,16,23,32,38,
0.9,1,1,1e+06,6,8,13,25,51,91.1,125,
0.1,500,1,1e+06,58,60,64,70,79,88,96,
0.9,500,1,1e+06,213.95,230,257.75,294.5,344,400,438.05,
0.1,1,500,1e+06,44.95,47,52,58,67,76,84,
0.9,1,500,1e+06,174,190,217,254.5,302,352.1,397,
0.1,500,500,1e+06,59,62,66,73,82,91,96,
0.9,500,500,1e+06,232,249,276.75,314,361,413.1,451.15,
0.489065012522042,3,451,960096,74,79,87,101,114,128.1,142.05,
0.43492455072701,282,134,407983,83.95,88,97,108,123,142,159,
0.590104336850345,447,486,604918,120.95,126.9,138,155,176,200,213,
0.413725421763957,340,489,42646,91,96,106,118,134,153,167.1,
0.550549609772861,102,46,70672,84,89,102,118,139.25,165,184,
0.792375186644495,188,215,672691,152,163,185,214,249,293,322.1,
0.570000271499157,442,45,970593,101,108,117,131,150,172,186,
0.491032150946557,13,8,982496,32.95,37,47,57,74,89,101,
0.117216359451413,204,273,482702,53,56,61,68,76,87,94,
0.619194463640451,483,148,44468,140,148,163,185,213,245,267,
0.366174892149866,498,413,913477,81,84.9,92,102,114.25,129,140,
0.359111430123448,9,349,279757,62.95,66,75,85,99,114,126,
0.732359500229359,15,484,315073,144.95,156,175,201.5,236,274.1,301.05,
0.296262942627072,468,16,364739,73,77,84,94,105,118.1,129,
0.309752079285681,71,455,880878,63,66,73,82,93,106,116.05,
0.680584066174924,224,493,952774,123,130,143,160,185,214,234.05,
0.331960747390985,355,28,966087,69,73,80,90,102,113.1,124,
0.709741325303912,461,13,656596,142,150,167,191,221,257.1,288,
0.343023280799389,29,7,125031,39,43,51,62,75,88.1,95.05,
0.742210277356207,273,492,61006,207,220,243,276,330,380.1,415.05,
0.635177995637059,2,104,605549,65,71,82,99,125,148.1,168.05,
0.263611280918121,363,303,7598,73,76,83,91,102,116,125,
0.762768959626555,141,173,6265,181,194,225,267,322.25,387.1,427,
0.208236495405436,500,267,823867,66.95,70,75,83,94,104,113.05,
0.545379013381898,3,410,250796,90,96,106,122,141.25,164,177.05,
0.230973111838102,120,91,583716,53,56,62,70,80,92,101,
0.735949909314513,473,295,961186,145,153,168.75,190,218,252.1,270.05,
0.872862412780523,438,220,566656,262,274,310,356.5,421,491,561,
0.187276042439044,68,491,584686,55,57,63,70,79,90,97,
0.306546001695096,450,479,280783,78,82,89,98,110,125.1,139,
0.639925065077841,194,19,974623,92,100,112,132,151,178,197,
0.85611284840852,120,39,442105,168,186,222,268,322,390.2,441.05,
0.765073659271002,494,4,56000,221.95,239,268,305,353,417.1,464.15,
0.498689623735845,486,135,111173,106,111,121,136,154,176,190,
0.767038102634251,46,249,990389,109,118,135,158,192,222,251.05,
0.23969288431108,4,159,106091,43,46,51,60,70,82.1,90,
0.249553973600268,413,495,991129,68.95,72,78,87,97,109,117.05,
0.571780745685101,224,484,38267,120,128,142,161,184,211,224.05,
0.741422996670008,479,458,253512,197,206.9,231,261,303,354,390,
0.396110288053751,20,54,673514,43,48,56,66,80,93.1,108,
0.186723801866174,452,499,266212,67,70,75,83,94,105,115,
0.196725693531334,10,20,982145,26,29,34,43,52,62,70.05,
0.452710914798081,232,495,787628,85,90,98,110,125,142,154,
0.866822605021298,70,480,371751,254,273,309.75,364,428,502.1,558.1,
0.154973904229701,10,15,343087,24,27,33,39,48,58,65.05,
0.118735412880778,199,321,16091,54,57,62,69,78,88,96,
0.878145476616919,220,225,924074,186.95,200,226,260,308.25,363.1,402,
0.118554753065109,478,56,656637,59,61,67,73,81,90.1,97.05,
0.321208355948329,9,366,15037,60,64,72,82,97,110,120,
0.16004701629281,228,18,130895,55,57,63,70,80,91.1,100,
0.390610318444669,389,7,52457,83,88,97,108,123,142,155,
0.899166896007955,277,211,74212,520,568,679,832,1009.5,1233.1,1430.05,
0.456052106432617,485,26,755583,90,95,102,115,129.25,145,154.05,
0.114685057289898,385,327,943841,57.95,60,65,71,80,88,95,
0.437228857167065,231,247,981490,77.95,82,90,101.5,118,136,146,
0.843817550875247,5,228,412216,156.95,169,200,242.5,302.25,376.1,433.1,
0.629341758601367,281,43,256051,117,125,139,159,187,217,237.05,
0.629310541041195,155,368,435579,115,123,134.75,153,178,208,226.05,
0.163278133235872,263,11,847126,54,57,63,71,80,90,99,
0.102559887990355,469,462,375918,60,62,67,73,81.25,92,99,
0.677672032825649,20,463,723909,108.95,117,131,151,174.25,201,225.05,
0.89934235420078,346,484,522767,310,329.9,374.75,437.5,512,593,660,
0.252185805141926,154,486,133074,65,68,75,85,96,110,120,
0.534571092948318,276,12,715219,90,96,104,119,136,156.1,171,
0.544296314008534,489,482,75078,123.95,131,143,158,182,204,219.1,
0.128268791921437,338,483,801893,58,61,66,73,81,90,97.05,
0.10229682251811,1,447,395202,44,46,51,58,66,76,83,
0.785642573423684,21,29,82236,84.95,98,126,166,223,288.1,343.05,
0.824453766271472,279,449,988587,170,181,203.75,231,266,301,327,
0.519625069014728,404,488,855651,98.95,105,113.75,128,145,164,179,
0.466489690355957,475,474,464366,98,103,113,125,141,160,171,
0.671855316497386,25,69,65633,83,92,111,133.5,167,209,231.05,
0.725895947962999,12,23,972639,49,55,68,86,111,142,163,
0.435464088246226,8,492,468547,73,77,86,98,112,130,141,
0.773874966986477,425,69,982977,147,156,174,195,223,258,284,
0.440400405041873,162,240,17497,83,88.9,98,112,130,147,159.05,
0.111999772302806,21,188,839045,40,42,47,53,61,71,77,
0.503490578010678,6,265,751479,66,71.9,81,96,113,134,147.05,
0.777363395690918,446,499,716789,180.95,190,210,240,273,312.1,338.05,
0.572585151903331,38,263,987968,77,82,93,107,128,150,165,
0.241843896172941,485,101,36457,71,74,81,89,101,114.1,122,
0.823023857735097,398,388,17693,329.85,352,394,460,542.25,625.1,683,
0.21831618566066,10,306,981581,47,50,56,64,74,85,92,
0.596969533711672,491,185,753801,114.95,120,131,148,168,192,208.05,
0.294101952388883,159,173,992330,60,63,70,79,90,102,109.05,
0.371789205260575,480,173,643320,82,85,92,102,115,131,140,
0.629762764833868,112,394,10480,126,134,151,173,201.25,234,261,
0.681661160103977,366,195,220536,151,159,179,201,231,270,292.15,
0.443841216340661,26,48,224788,49,55,64,76,92,111,123,
0.246955871395767,472,51,962479,68,70,77,84,94,107,115.05,
0.896277853101492,257,56,622081,228,248,287,344,411.25,484,530.05,
0.83168472032994,474,14,572451,208,223,254,292,339,386.1,437,
0.390642266348004,480,232,67572,90,94,101,113,128,145,157.05,
0.26051317024976,492,437,676983,73,76,82,90,101,113,123,
0.508148518018425,499,459,974767,99,104,114,126,144,163,176,
0.816722318902612,53,457,10065,254.9,275,318,379,460,540,606,
0.663203918933868,499,469,162071,163,171,189,212.5,242,275,295,
0.614542925357819,111,496,979452,100,107,119,133,154,176,192,
0.572478992119432,473,9,242213,118,126,138,153,176,201,217,
0.819578376598656,11,455,924913,141,151,171,199,234,272,301.1,
0.626722352020442,475,426,997713,118.95,124,138,156,175,199,218,
0.382190758734941,20,462,952083,64,68,77,87,101,115,126,
0.586952757649124,3,45,421927,45,50.9,61,78,96,119,135.1,
0.347367129847407,236,475,597380,74,79,86,96,110,124.1,135,
0.849833437055349,273,32,16075,315.9,348.9,405.75,488,600,739.1,842.1,
0.216709683462977,487,455,43675,71,73,80,88,99,112,120,
0.267199381813407,37,4,709688,38,41,47,56,66,79.1,90,
0.165011782199144,473,276,189752,64,67,73,81,90,100,106,
0.453160738199949,21,433,37942,78.95,84,93,108,126,148,165,
0.747210600599647,300,12,416720,152,161.9,182,211,247,290,314.05,
0.886009853892028,13,371,742289,182,198.9,230,272,330,391.1,429.1,
0.260227068141103,28,20,27033,38,41,47,57,68,79,90,
0.729149970598519,489,290,41985,207,219,243,275,313,356,392.05,
0.512785178795457,347,377,318403,105,110.9,121,134,153,172,187,
0.103702995181084,429,130,339103,58,61,65,72,81,91,98,
0.140686865150929,43,395,20613,49.95,52,57.75,65,73,85,93,
0.505635633505881,284,11,10041,95,101,113,128,148,166.1,187,
0.686584253236651,487,24,985635,124,130,144,164,189,218,243.05,
0.850645616836846,467,467,235662,326,349,390,442.5,518,597,656.05,
0.354624453745782,21,68,950917,43,46,53,63,75,87,100,
0.783235585875809,13,1,630360,40.95,51,67,92,125.25,164,200.05,
0.815762194059789,130,3,808152,121.95,134.9,154,183,226,268,293.1,
0.100002276152372,179,399,819496,52,54,59,66,73.25,84,91,
0.326887676119804,257,90,7552,72,76,84,94,108,124,137,
0.28244811091572,1,463,310601,58,61,68,77,88,101,112,
0.33210110552609,479,276,986603,75,79,87,95.5,108,120,129,
0.648428046889603,490,82,436837,134,141,156,177,205,233,256.05,
0.173582951724529,117,475,937833,55,57,62,69,78,90,97,
0.51544487234205,30,279,33464,84,90,100,116,138,162,179,
0.175677897036076,479,31,297127,64,66,72,80,89.25,100,110,
0.754147143475711,34,498,916350,125,135,153,175,202.25,235.1,255,
0.202656986936927,52,286,27918,52,55,61,69,78,91,98.05,
0.693614028021693,307,125,907259,120,127,141,161,187,213.1,236.05,
0.421852691844106,483,52,941658,83,87,95,106,121,135,147,
0.425927428342402,486,5,32421,93,98,107,120,138,158,173,
0.176048852875829,495,492,965731,64,67,73,80,90,100.1,108,
0.430412501096725,400,388,565539,88,93,102,114,129,147.1,160,
0.769083533063531,253,338,363446,178,191.9,215,247,289,335.1,370,
0.133946358598769,119,211,997884,50,52,56,63,72,81,89,
0.371142189763486,19,461,6371,70,74,82,93,107,126,136,
0.101286671310663,160,45,463662,48,50,55,61,69,79,87,
0.894473247975111,492,338,835177,247.95,265.9,297,337,386,450,492.05,
0.698776922002435,11,295,44418,125.95,137,157.75,187,226,273,301.1,
0.8362917996943,499,355,976716,189,200,221,251,289,331.1,358.05,
0.21695896871388,289,413,305507,64,67,74,82,93,106,115,
0.793635671772063,462,160,174444,234,248,280.75,325,376.25,438,496.05,
0.534682827442884,200,382,998539,90,94,104,118,134,152,167.05,
0.47870930172503,364,168,886637,87,92,101,113,128,147,162.05,
0.677616464905441,390,7,91886,151,161,181,205,238,275,307.05,
0.488773894123733,151,473,392553,91,97,107,120,139,165,180,
0.19172090254724,170,498,9592,61,64,70,77,87,97,106,
0.322347440570593,69,166,527486,56.95,60,67,78,91,105,114,
0.584047484956682,408,286,33362,131.95,139,153,171,196,222,243,
0.415435566008091,9,216,117979,61,66,74,87,104,121,135,
0.672885140031576,10,1,552860,31,37,49,66,89,118.1,140,
0.651788027770817,11,497,322877,115,123.9,139,162,188,221,241,
0.71370129454881,290,423,576632,146,156,172,195,224,255,278.05,
0.154224967397749,355,178,16476,60,63,68,76,86,97,104,
0.890740558132529,106,319,264336,304.95,333,389.75,464,578.25,684.1,785.05,
0.895954438112676,310,24,289922,330.95,362,414,499,589,706.2,792,
0.703215426765382,137,15,328606,112,122,140,165,199,240,267.15,
0.291775194555521,174,95,277998,61,64,72,82,93,107,114.05,
0.558059158176184,486,306,561609,111.95,117,129,144,161.25,183,199,
0.874013035744429,197,462,17031,447.95,493,569,685,835,996.2,1101,
0.686680697649717,462,481,24117,182.95,192,212,240,274,312.1,340.1,
0.899961800128222,102,114,834932,165.95,180.9,210,248,308.25,362,410.1,
0.326488327421248,490,496,9882,84,87,95,106,120,136,146,
0.494371854700148,2,7,44459,17,20,28,39,55,74,91,
0.644849354214966,367,354,823517,124,129,141,157,177,203.1,222.1,
0.413792780414224,453,494,979056,85,89,97,107,121,137,146.05,
0.395254370383918,129,3,287898,64,68,76,88,101,117.1,127,
0.48257015850395,167,86,592503,79,83,92,106,123,141,154.05,
0.852044403366745,357,9,769474,187.95,200,225,259.5,307,359,393,
0.876946783810854,3,121,5417,196,224.7,302.75,413,550.5,714.3,848.35,
0.850304324552417,140,309,982108,158,168,190,221,260,304,332.05,
0.108726219087839,239,160,981931,52,54,59,66,74,82,89,
0.100703616440296,357,326,199910,57,60,65,71,79,89.1,96,
0.498073140718043,444,393,12150,111,117,128,143,163,185.1,202.05,
0.214005708880723,242,7,403369,59,62,67,75,85,96,107,
0.133894689567387,498,205,978994,60,63,68,76,84,95,104,
0.260972997173667,274,258,898455,64,67,73,82,93,105.1,114.05,
0.403648538514972,54,394,785000,69,73,81,92,105,121,132,
0.587929023616016,33,190,16253,89,97,111.75,131,155,182.1,201.05,
0.439086585491896,5,148,840893,52,56,65,76,90,107,121,
0.85484953802079,51,152,946544,126,138,163,194.5,236,284.1,315.05,
0.116770992986858,320,484,173214,58,61,66,72,81.25,91,98,
0.655040310882032,60,326,952969,96,103,115,133,154,180,199.05,
0.609268737584353,63,12,158674,74,81,97,116,142,171,191,
0.563289001211524,92,499,536919,99.95,105,116,131,151,174.1,190.05,
0.564343236759305,76,23,829624,67.95,73,83,97,115,138,152,
0.1204016873613,62,201,252646,45,47,52,60,68,78.1,85,
0.180232487805188,395,191,986910,61,64,69,76,86,95,102,
0.863124539144337,468,104,972980,197.95,208,230.75,266,309,354,386,
0.113926135189831,335,2,321615,55,57,62,69,77,90,98,
0.693471278809011,499,385,887714,140,147,161,182,211,237.1,259.05,
0.851614568382502,148,469,770269,191,205,230,266,312.25,365,404,
0.604517056234181,324,2,566045,105,112,124.75,142,163,184,203,
0.529336524195969,20,125,969954,59,63,73,87,103,122,135.15,
0.398812926933169,493,436,353101,91,95,103,113,128,145,158,
0.175277369096875,13,106,41218,37,40,46,54,64,74,82,
0.703430091962218,410,500,462133,159,169,185,209,241,282.1,303.05,
0.889727436564863,327,22,999352,186.95,201,227.75,261,308,358.1,397.05,
0.16258162856102,9,432,669562,48,51,56,63,73,83,89,
0.895126463659108,492,129,181936,457,497.9,563.75,662.5,792,923,1006.35,
0.130878092348576,425,395,14394,61,64,70,77,85.25,97,103,
0.406837941333652,463,6,516902,84,89,96,107,121,138,146,
0.889074687659741,362,392,993892,215,229,252.75,288,337,392.1,424,
0.722263466753066,286,130,13844,174.95,186.9,212,245,283.25,333,364.05,
0.406819352321327,14,83,8576,49,53,62,74,90.25,106.1,120,
0.899491029419005,458,302,197124,472.95,510,584.75,690.5,806,974.3,1077.6,
0.104534790664911,344,237,748423,56,58,63,69,78,88,95,
0.212056084349751,492,210,485754,67,70,76,84,93,105,114,
0.29399728551507,384,79,707464,69,72,78,87,99,114,123,
0.740535135753453,40,104,253289,107,117,139,169,211,254,283,
0.402352185361087,229,8,914237,69,74,81,92,105,122,133,
0.118994308449328,498,422,761421,61,63,68,74,82,92,100,
0.177275720797479,293,457,984645,60,63,69,76,87,100,107,
0.359518286213279,305,495,989715,75,80,88,97,111,126,137,
0.356803706847131,483,3,781988,77,81,88,98,110,124,135,
0.8128254275769,498,205,412998,225.95,240.9,271,308,357,409,446,
0.878665769845247,220,2,163974,299.95,323,383,460,575.25,705.2,779.25,
0.120913540758193,144,492,618847,53,55,61,67,76,86,93,
0.859638102166355,4,449,241455,247,269,312.75,371,461,547,607.1,
0.898407800681889,497,498,473349,347,366,412,475,553,655.1,717.1,
0.862260705046356,5,490,599676,195,210.9,239,280,334.5,398.2,445.05,
0.289413677342236,11,345,569540,55,58,64,73,86,97,107,
0.222956658899784,3,493,743832,53,56,63,71,80,93,101.05,
0.11714751701802,61,120,695525,41,44.9,49,57,65,75,82.05,
0.372720540873706,246,358,137883,80,85,92,102,118,133,145,
0.871562251076102,21,60,314053,126,145,183,240,315,428,498.15,
0.588652567379177,494,246,973228,110,116.9,128,144,160,183,202,
0.823253699764609,488,212,5766,331,356.9,401.75,466.5,550,644.1,717.15,
0.340098706260324,182,323,677604,70,74,81,90.5,103,116,128,
0.112065167166293,500,203,26398,60,62,68,75,84,94.1,102,
0.26900891456753,497,4,196311,72,75,81,91,103,119,127,
0.720854287222028,18,283,525954,112,121,138,165,196,234,254.05,
0.544494599476457,491,5,810528,101,107.9,118,131,151,173,187.05,
0.105310278758407,251,125,50112,53,56,61,67,76,88,97,
0.863362110778689,34,259,99539,254,275.9,330,420,531,655,745.25,
0.761248171329498,21,367,7530,176.95,190.9,220,261,316.25,376.1,413.1,
0.798182170838118,116,417,490471,176,190.9,216,251,290.25,339.2,378.25,
0.661367215961218,497,496,800352,136,143,155,173.5,198,223.1,241,
0.102810390479863,8,154,170350,35,38,43,49,58,68,74,
0.454082712903619,463,278,172667,97,103,113,126,143,161,172,
0.894055130146444,1,170,456668,163.95,183,222,276,363,451.3,500.05,
0.331464798562229,373,248,254701,76,80,88,98,113,127,135.05,
0.622871599718928,499,265,331488,134,142,157,177,201,233.1,251.05,
0.317635388672352,433,477,789403,76.95,81,88,97,109,121,131.05,
0.39964855723083,497,47,242844,88,92,101,111,126,145,160,
0.342867007665336,3,500,696317,64,67,73.75,83,96,109,121.05,
0.872632465325296,253,498,202614,356,383,432,511,609.25,726.1,805.1,
0.578339522890747,188,174,518850,96,103,116,132,151,175,192,
0.490490918792784,441,211,387921,101,105,114,128,145,167,181.05,
0.88523071501404,454,13,398890,300.95,323,366,427,507.25,605,664.25,
0.304624154791236,154,493,455768,68,72,79,89,102,112,125,
0.590667649172246,87,496,217809,113,119,132.75,150,173,199,218,
0.709359878487885,345,474,982741,132.95,140.9,155.75,176,198,230.1,254.1,
0.726175655610859,212,95,735471,125,133,151,173,201,237,259.15,
0.14785115160048,475,328,575972,62,65,70,77,88,97,105,
0.397174285538495,52,13,996546,48,52,58,69,83,96,106.05,
0.894177047908306,11,292,991032,145,161,189,226,275,335,377,
0.698201036453247,9,154,893646,77.95,86,103,123,150,175.1,196,
0.196899295970798,24,314,423585,49,51,56.75,65,75,85.1,93,
0.892224405147135,457,179,746707,250.95,268,299,340,393,457.1,504.05,
0.452879237942398,490,353,924263,89,93,102,113,129,148,159,
0.373754055052996,416,494,508348,84.95,89,97,107,120,134,142,
0.560609883442521,11,468,842347,84.95,90,101,115,133,153,168.1,
0.159330239519477,3,497,213625,50,52.9,57,65,74,85,91,
0.89839649759233,80,433,885268,202,215,243,283,337,395.1,433.1,
0.519340397976339,73,111,322237,74,80,90,104,123,143,158.05,
0.261432646028698,277,39,999558,60.95,64,71,79,89,101,109,
0.46695205308497,11,494,197932,82,87,97,111,126,146.1,160,
0.460467574372888,3,290,481799,68,72,81,95,111,128,138.05,
0.694400596991181,152,488,118220,157,167,186.75,215,250.25,293.1,315.05,
0.664881160482764,10,238,328715,98,107,123,145,173,204,225,
0.880998582206666,59,7,730392,111.95,125,156,193,253,316,358,
0.638599945418537,90,30,9880,97.95,105,122,146,176,213,236.1,
0.766558360680938,479,126,803352,158,168,187,211.5,243,279,302.05,
0.569759400747716,295,437,722038,105.95,112,121,137,157,179,196.05,
0.217798396386206,376,19,149986,64,67,73,82,93,105,112,
0.102065871842206,375,80,842293,55,57,62,69,77,86,92,
0.201100485958159,359,474,681483,64,67,73,81,91,103,111.05,
0.168133948557079,406,10,15654,61,64,69,78,87,98,107,
0.762689484469593,486,328,636814,170,181,199,225,260,298.1,331.05,
0.239622137323022,104,480,998424,59,62,68,76,86,96.1,107,
0.768681614659727,484,468,91225,241,258,283,324,382.25,443,491.05,
0.364025963284075,258,46,490264,71,75,83,94,107,124,134,
0.303648471646011,89,183,23802,60,63,71,80,93,107,118,
0.333956309594214,6,28,368994,29,33,40,49,61.25,76,86,
0.515022558905184,172,35,986204,75,81,91,103,120,139.1,148,
0.461467047035694,263,3,235458,83.95,89,98,112,128,147,160,
0.228420207835734,456,490,450671,70,73,79,88,96,109,118,
0.870449923165143,342,489,901385,211.95,225.9,251,287,334,386,422,
0.170836077816784,1,11,648053,15,16,21,29,38,48,56,
0.642774185724556,344,498,46046,150,162,178,201,230,267,292.05,
0.406026418507099,336,307,843993,80,84,92,103,116,130,142,
0.866105461679399,458,422,693250,242,260,291,332,383,443,478.15,
0.332097696699202,488,384,452636,81,85,92,102,114,130,142,
0.611559391021729,231,267,791654,105,112,124,138,159,184,200,
0.664162514358759,55,73,989236,79,85,96,113,134.25,160,181,
0.627050515264273,41,476,32333,124,132,147,168,197,230,253,
0.715717521868646,19,369,956063,106,113,127,147,176,206,224,
0.105093457922339,279,485,592915,56,58,63,69,78,87,94.05,
0.144539813138545,314,106,479711,57,60,65,72,82,91,98,
0.29128857459873,219,472,22226,72,75,82,92,103,117,124,
0.518092812970281,420,99,512097,100,104,115,131,149,168,181,
0.241620700806379,497,45,625837,69,72,78,86,98,111,120,
0.317622125521302,10,212,779985,50,54,60,70,82,95,106,
0.763676941767335,1,389,792110,121,132,148,173,206,247.1,271.2,
0.895033655688167,339,460,143552,494,532.9,616.75,716,852.25,1017.1,1131.1,
0.417164434306324,178,494,273671,84,89,98,109,125,141,152,
0.118493676744401,90,17,862865,42,45,50,57,65,73.1,80,
0.661733794771135,465,213,995613,120,128,142,161,182,202,222,
0.526730142720044,334,197,32584,109,113,125,142,163.25,189,205.05,
0.307753393240273,253,4,632636,63,67,74,84,97,112,121.05,
0.106332670338452,115,411,228124,50,53,58,64,73,83,92,
0.835594578459859,371,99,70935,302.95,323.9,375,447,522,608.1,669.3,
0.385046820156276,390,175,982536,77,82,89,98,111,127,137,
0.47066264860332,50,9,572971,52,56,65,78,96,115.1,129,
0.749385248497129,145,15,930867,107,116,133,157,184,213,237.05,
0.612771107256412,43,408,657899,96,103,118,134,158,182.1,197,
0.803103155083954,497,469,908522,181,194,214,239,273,315.1,347.05,
0.100764092803001,494,11,574071,57,59.9,65,72,80,91,98,
0.315856864489615,106,3,798574,52.95,56,63,72,84,97,106,
0.15925453081727,245,442,413965,59,62,67,74,84,94,102,
0.139611488953233,357,6,914885,56,59,64,71,81,90,99,
0.484219715930521,355,14,998618,83,88,97,109,125,141,153,
0.100326308421791,14,63,604255,31,34,38,44,52,61.1,69.05,
0.707189539633691,496,38,322774,160,169,188.75,213,245,289,318.05,
0.814292198233306,186,129,312443,192,211.9,240.75,281,332,394,437.1,
0.499100931733847,480,222,993587,93,99,108,120,136,157.1,172,
0.655729213543236,195,238,8989,139,147,164,190,221,258,285,
0.610222347825766,376,464,263470,133.95,141,155,173,195,225,244.05,
0.591721462085843,31,1,984275,49.95,54,63,77,95,118,132,
0.209153776243329,91,30,179342,47,50,56,65,75,87,94,
0.777732534706593,18,491,162914,183.95,197,224,263,312.25,364.1,407,
0.27277537304908,337,396,773385,70,73,79,88,98,110,119,
0.883482106216252,267,303,490886,272,289,328,379.5,455.25,529.1,577,
0.312398244254291,95,481,114313,69,72,79,89,101,112,122,
0.210792900249362,32,495,18227,56,59,65,73,83.25,95,104,
0.519016530178487,125,497,80984,99,106,119,132,152.25,178,192.15,
0.471917584165931,396,79,16151,99,104,114,129,146,165.1,186.05,
0.454872334375978,402,499,119220,101,106.9,116,129,147,167,182,
0.896007535420358,428,64,905587,214,228.9,260,299,353.25,412,451.2,
0.847550221718848,11,45,806588,71.95,83,108,137,178,226.1,261.1,
0.831217529624701,496,16,884003,181,193.9,216,250,288,334,364,
0.566521612554789,323,476,963174,103,108,119,134,152,175,187,
0.207617146708071,206,339,730339,58,62,68,76,86,96,104,
0.824525831639767,221,494,643584,195,209,234,265,309.25,358,391,
0.102509733662009,6,309,675349,40.95,43,48,55,63.25,73,79,
0.891622631438077,94,72,50647,315.9,348,436,578.5,770.25,983.1,1094.75,
0.106160466559231,243,1,594088,51,53,59,65,73,83,90,
0.15632719937712,463,2,798012,60,63,68,75,85,96,104,
0.635869920812547,417,18,906554,112,118,131,147,169,195,212,
0.25894564781338,413,2,844908,67,69,76,85,96,106,116.05,
0.828794247284532,222,132,996800,150,161,183,213.5,252,290,318,
0.878737375698984,483,403,47826,520.9,559,641,762,906.25,1061.1,1164.35,
0.471142766624689,498,14,432506,95,100,109,124,139.25,159,173.1,
0.364321718551219,497,402,80494,88,92,100,111,125,140,153,
0.667177730984986,469,29,12683,162,172,188,212,244.25,282,307,
0.89925291556865,184,394,173497,430.95,464.9,536,657,809.25,975.2,1079.65,
0.290006406418979,488,99,886479,71,74,80,89,101,113,121,
0.306426682509482,258,335,990609,67,70,77,87,99,112,121,
0.107725337706506,23,268,24225,42,45,50,58,66,76,83,
0.549787318147719,295,498,418889,110,115,126,142,161,183,199,
0.131956785917282,88,37,35974,44,46,51,58,68.25,78,86.05,
0.809024121798575,306,317,800071,175.95,187,205,234,267,313.1,347.05,
0.349097348377109,444,155,68984,82,86,94,106,120,135.1,147.05,
0.427773733064532,203,34,18852,77,83,91,104,121,138,147.05,
0.598328473232687,219,324,188333,118,125,139,159,183,210.1,232,
0.702151882648468,300,418,11229,181.95,190,214,244,284,329,367,
0.368887864798307,108,296,974471,65,69,76,87,100,113,121,
0.100469869561493,197,497,897995,54,56,61,68,75,85,90,
0.886724381707609,390,436,335650,356.95,380.9,425,491,585,689,751.2,
0.154395874030888,434,368,871519,61,64,70,76,86,97,104,
0.181617332808673,279,270,62518,61,64,70,78,87,98,107,
0.826243662461638,37,3,263362,96,106,137.75,182,245.25,315,371.1,
0.898046620562673,380,355,14971,687.95,742.9,865.75,1049.5,1262.5,1558.5,1767.25,
0.554291584342718,491,499,991491,107,112,122,135,152,174,189,
0.681668381392956,476,401,432132,154,162,178,201,231,262,285.1,
0.141142269037664,36,369,931243,47,50,55,61,70,80.1,90,
0.101300030387938,86,365,996141,48,51,55,62,69,78.1,85,
0.258922085724771,255,201,449918,65,67.9,74,82,93,106,115,
0.112302102334797,194,2,999876,49,51,56,63,72,82,88,
0.525362042151391,104,221,584724,84,89,97.75,112,131,149,165,
0.479672472178936,484,495,11516,109,116,126,141,162,183,198,
0.529060752503574,8,147,161974,66,73,85,99,120,147,162.05,
0.138924802094698,493,89,96709,61,64,69,76,86,98,105,
0.705263569205999,429,246,523246,150,158.9,177,202,232.25,267.1,300.05,
0.289384013786912,455,2,990147,69,72,79,87,98,110,117,
0.608815360069275,470,446,15467,144,152.9,168.75,188,212,241,263.2,
0.715980328805745,3,20,127507,37,44,61,86,119,164,194.05,
0.148046648874879,25,82,968817,37,39,44,51,60,73,80,
0.612109593488276,144,188,982842,91,97,111,125,142,165,183.05,
0.89865501280874,181,341,625960,242.95,262.9,302,352,421,487.1,546.05,
0.103701331093907,497,291,383017,59,62,67,73,81,91,98,
0.890621802397072,473,39,698379,249,264,298,346,402.25,477.1,521,
0.276904109679163,489,325,134700,76,79,86,95,106,120,128.05,
0.807106821797788,408,46,354571,212.95,227,247,289,338,396.1,438.15,
0.786044536717236,14,64,949679,71,79.9,96,122,154,191.1,214.05,
0.477859449759126,458,410,708247,95.95,101,110,124,141,157,172,
0.300612718425691,43,265,212801,57,60,67,77,89.25,104,114,
0.453052779473364,494,250,5037,103,108,118,132,149,167,179.05,
0.598763354308903,191,110,45866,112,120,133,153,178,208,225.05,
0.172808946296573,499,498,591874,66,68.9,74,81,90,101,109.05,
0.808921624906361,160,313,89470,235,253,292,341,404,482.1,526.05,
0.51939421184361,43,495,810027,85,90,99,112,131,151,161.05,
0.425759382359684,127,425,940712,77,80,88,99,114,129,142.05,
0.456816868856549,71,485,654291,79,84,92,103,119,135,145.05,
0.13987540602684,491,499,207149,64,66,71,78,87,97,106.05,
0.757957387343049,235,2,48427,170.95,187,218,256,306,369.1,400.05,
0.210159516520798,65,115,867279,46,49,55,62,73,83.1,92,
0.483719096332789,248,294,79044,96,102,112,127,146,167,179,
0.565512178651989,363,13,10548,116,122,135.75,155,176.25,203,221,
0.89490482006222,495,241,995686,220.95,233,261,296,344.25,400,437,
0.334100697934628,495,20,140098,80,84,92,102,114.25,127,142,
0.105836008489132,5,473,808047,44,47,52,58,66,77,86,
0.819296564906836,409,272,952333,175,184,205,233,271,308,339.05,
0.824988941848278,4,93,667588,88,100,122,155,200,253,286,
