R0,E,I,R,q5,q10,q25,q50,q75,q90,q95,
2.73939050055575,237,268,673166,255.95,259,265,274,285,298.1,307,
2.30885461892467,377,186,705423,305,309,317,327,341,354,366,
4.55340606195852,66,223,351336,174,177,181,187,195,203,210,
3.09247245222563,124,239,8617,210,212,218,225,234,244,251,
4.96847829500795,86,481,157964,162,165,169,174,181,189,194,
4.36619254194666,403,146,419944,177,178,183,189,196,205,210.05,
4.24303929760819,439,422,820009,184,186,191,197,205,214,220,
5.52709889639169,296,375,623993,161,163,167,172,180,187,193,
2.00742214571103,161,63,101506,323.95,328,336,348,360,373,386.05,
4.03445845168666,133,116,462067,189,191.9,196,202,209,218,224,
1.17370828114566,352,175,593338,1362,1383,1439,1506,1586.25,1693,1752.05,
2.35578004140174,10,290,246646,281,284.9,291,301,311,323,333,
5.16712847284041,486,474,391284,161,163,167,173,179,188,194,
3.71731557576335,469,94,986469,206,209,214,221,229,240,248,
5.41281177465804,222,333,270505,159,161,165,170,176,185,191,
1.61287208424299,308,448,861985,551.95,559,573,593,617,646,670,
3.33129042762215,46,314,771087,222,225,231,238,248,259,266,
5.92676147932769,272,38,533758,158,160,164,170,177,184,190,
1.50638808151591,185,23,908860,691,702,720,745,780,821.1,852.05,
2.97338481453597,334,368,124717,215,218,224,231,240,250,257,
4.74390836311504,466,128,76163,164,166,170,176,183,191,196,
5.74907834290061,327,312,622541,159,161,165,170,176.25,184,188.05,
2.54865627852269,423,276,810302,278,282,288,298,311,325,334,
1.82399043485057,30,188,708301,441,447.9,459,473,490,511.1,528,
3.53131743664853,210,397,54122,191,194,198,204,212,220,228,
1.35259786802344,308,255,240054,641,649,667,691,723,755,777.05,
4.78485274859704,131,475,960801,177,180,184,190,197.25,206,211,
5.91775727178901,496,412,26191,151,153,157,162,168,176,180,
5.45084509258159,174,307,997099,168,170,174,180,186,196.1,203,
1.12837619364727,202,321,68528,1029.95,1046,1078.75,1122,1179,1235,1281,
3.9455272172112,447,290,14418,177,179,183,189,197,206,212,
2.90028351955116,26,337,938256,257,260.9,266,275,286,299,307.05,
5.91886727912352,289,454,984674,160,162.9,166,171,179,188,192.05,
1.10517268017866,118,99,980583,655.6,775,1041.75,1455.5,2051.5,2621.5,3161.2,
2.17892089085653,374,433,992807,346,350,357.75,370,384,402,412.05,
1.51758312368765,406,174,18915,458,465,478,494,514,538,555,
2.44673952630255,97,226,24252,258,260,267,275,287,298,306,
5.57616905835457,25,360,12039,156,158,163,168,174,183,187,
3.01242940826342,86,462,443582,227,230,236,243,253,262.1,271,
5.19732749382965,142,72,776677,171,173,177,183,191,199,206,
1.70213514217176,418,499,463518,430.95,435,446,461,480,505,519,
3.73329232670367,44,297,587283,200,203,208,214,223,234,242,
4.4669653539313,70,98,994804,190,192,197,202,210,219,225,
4.36038930511568,38,335,10578,172,174,178,184,191,198,203,
3.76391769223847,345,139,246911,188,191,195,202,210,220,227,
1.10445131482556,287,418,344273,1480,1509,1563,1642,1747.25,1864.1,1951.15,
4.85103058526292,301,201,573551,170,172,176,182,189,198,203,
4.06601276178844,208,207,978055,196,198,203,210,218,228,236,
3.30051541260909,482,335,296119,204,207,211.75,219,227,237,246,
5.67932833454106,72,498,209740,157,158,162,168,175,182,186,
3.18958367214073,259,465,999008,231,235,241,249,259,270,278,
5.99680939118844,460,169,709755,157,159,163,169,175,184,189,
2.11495987556409,296,476,389391,315,318,325,336,349,364,373,
1.78296961106826,298,406,989322,472,479,493,508,528,550.1,568,
5.26175587684847,339,380,84652,157,159,164,169,176,184,189,
4.12692179540172,229,180,119933,177,179.9,184,190,197,206,211,
2.79547056804877,212,497,40230,224,227,233,240.5,250,262,268,
5.12309535916429,52,433,998096,173,176,180,185,192,200,206,
5.04947033056524,467,372,5582,157,160,164,170,177,186,192.05,
2.6180704808794,488,258,406068,252,255,260,269,279,291,302,
1.81809378813487,256,402,15793,347,352.9,361,373,388,404,415,
5.99665451464243,453,86,267020,153,155,160,165,172,180,184,
1.23647268924397,101,417,860507,1367,1392.9,1439,1505.5,1581.25,1680.5,1763,
2.63283297102898,327,8,998967,284,287,294,302,314,328,340,
3.50214337089565,237,17,336899,203,205,210,217,225,234,241,
3.24719362643082,110,35,855560,235,238,243,251,260,271,277,
5.62619828528259,283,17,948838,166,167.9,172,177,184,193,197,
2.04017792590894,387,19,974922,384,388,399,412,429,447,460,
3.80562460909132,167,492,935069,202,205,210,217,225,235,243,
5.34170974686276,428,15,121298,158,160.9,164,170,177,184,189,
2.84072579187341,262,39,286486,235,237,243.75,251,261,274,281.05,
4.07480340134352,82,433,306297,182,184,188,194,202,211,217,
2.18307786688674,386,477,15295,279,282,288,298,310,324,333,
5.73716651420109,373,94,8512,154,156,160,164,171,179,184,
4.91301623864565,40,203,995481,179,181,186,192,199,207,214,
3.61167746214196,329,445,961040,209,212,217,225,233,243,250,
2.69606320764869,493,495,945828,266,269,276,285,296,308.1,319,
4.96074041842949,128,74,267363,167,170,174,180,186,194,201,
4.68704900327139,468,14,954469,179,180,185,191,199,207,212,
3.52354942290112,233,44,8150,193,196,201,207,214,223,230,
1.60838580864947,142,15,259007,472,478,491,506,525,548.1,569.05,
2.22565888422541,312,11,282334,296,300,307,317,330,343,353.05,
4.25744996473659,257,35,826072,188,190.9,195,202,210,218,223,
4.56813790970482,113,7,119899,174,176,180,185,192,201,207.05,
1.23300611306913,203,420,8106,724,731.9,755,785,820,863,895,
5.97675568102859,187,481,407821,155,157,162,167,173,181,187,
1.2110815549735,413,17,54929,789,801,821.75,855,892,933.4,965.1,
4.48527857996523,498,438,653534,176,178,182,189,197,205,212,
3.07624836126342,373,22,581863,228,231,237,244,254,264,272,
1.32247854571324,342,13,727949,904,918.9,945.75,982.5,1033,1080.1,1109.05,
5.6944203844294,473,500,917778,161,163,167,172,179,188,194,
3.20205089468509,422,497,22174,200,202,207,214,222,232,239,
3.67456195007544,175,486,10066,184,187,192,198,206,214,220.1,
5.86220245019067,451,83,936918,162,163,167,173,180,189,195,
1.76358790879603,287,29,48596,373,378,388,402,417,434,448.05,
1.3145531945629,366,287,989779,1080,1098,1138.75,1186,1247,1316,1365.1,
2.38443485596217,380,153,973940,311,316,323,333,346.25,362.1,374,
1.43002670831047,227,499,408686,598.95,606,624,647,675,709,734.05,
3.45733966468833,192,45,987340,225,227,232,240,249,259,267,
1.95198840859812,95,448,691162,382,387,397,409,427,446,461,
4.60268901970703,391,481,148887,166,168,172,178,185,193,199,
2.74550794626121,64,100,48905,238,241,246,254,264,275,284.05,
3.40158291591797,212,8,19306,199,202,206,213,222,232,238,
5.32285938546993,205,488,837910,166,168,172,177,185,193,199,
3.90090077256318,354,168,810288,196,199,204,210,219,229,236,
5.60859922228847,106,44,306085,161.95,163,167,173,180,186,192,
2.4755771631375,469,465,403277,261,266,273,282,293,306,316,
3.48651700587943,308,481,453637,200,203,208,215,223,234,241,
4.96055011672433,278,477,694825,169,171,175,181,188,196.1,202,
1.12073888597079,484,459,971432,2223.7,2427.8,2785,3210.5,3816.75,4482.4,4981.25,
1.29597654731479,55,242,112343,699.95,710,727,751,781,815,841,
5.84736184808426,8,87,796603,167,169,172,178,185,193,199.05,
3.33998793754727,7,319,87332,203,206,211,218,226,235,242,
5.37649007821456,7,250,611158,167,168,173,178,185,193,200,
5.9770109746838,6,396,16682,154,156,159,165,171,179,184,
1.99963295906782,38,315,961805,402,408,417,431,447.25,468.1,484,
2.41716547033284,108,21,586966,297,301,308,317,329,340,349,
1.43827669178136,477,275,879282,731.95,741,760,788,829.25,873,905.05,
5.02408459146973,21,4,816438,183,185,190,195,202,210,216,
1.15088209924288,40,30,7067,1000,1017,1047,1087,1135.25,1192.1,1237,
3.0465384687297,429,241,885961,238,241,247,255,265,275,283,
1.17239233665168,490,17,852201,1855.9,1903.9,2000.5,2127.5,2258,2409,2522.25,
5.13219053233042,499,150,983002,170,172,177,183,190,198,203.05,
2.09917364269495,490,170,723203,344,348,356,367,382,400,412.05,
4.17515047937632,489,47,477948,181,183,188,194,202,211,219,
2.54883082595188,121,462,942631,287,290,299,309,321,335,345,
1.61268565698992,11,301,963022,597.95,606,622.75,645,672,705,725,
2.86883684273344,471,478,37896,218,220,226,232,242,252,259,
5.94630684233271,24,475,837725,160,162,166,172,179,187,192,
2.10110344851855,26,323,20635,301,304,312,322,335,349,360,
4.11030726227909,16,55,871015,202,204,209,215,223,232,238.05,
5.29650278412737,11,43,31606,165,167,171,177,185,192,198,
1.96565459668636,480,5,206787,333,337,345,356,372,386,399,
4.78024826510809,5,149,136253,170,172,176,181,189,196,203,
4.26873928105924,18,424,819270,188,190,195,201,208.25,218,223,
4.34787254941184,450,381,22318,168,170,175,180,188,197,203,
3.56826496494468,456,431,45101,187.95,190,195,201,208,216,224,
1.15777181410231,467,450,52743,878,894,926,965,1014,1063,1112.05,
1.71004159480799,484,23,998116,516,521.9,536,555,579,605,627,
1.74928022539243,25,402,90574,385,389,399,411,427,444,460,
5.47876335349865,486,386,34174,155,157,161,166,173,181,187,
1.18677656673826,16,7,468962,1346.95,1380,1430.75,1494,1574.25,1663,1725,
5.96266795282718,236,183,121333,154,156,159,165,172,180,185.05,
4.10469425527845,485,20,32345,174,177,181,187,194,203,208,
3.76389908122364,52,16,116393,195,197,202,208,216,227,233,
2.75138727000449,461,53,79807,230,232.9,238,245,256,266,273,
4.61462739873678,353,377,989773,179,182,186.75,193,201,207.1,212,
5.97164178646635,66,2,888873,167,169,173,178,185,194,200,
2.46393570012879,16,136,951822,315,318,326,335,348,362.1,372,
2.9928926799912,499,10,975458,245,248,255,263,274,285.1,294,
4.28788460758515,10,2,308183,192,195,199,205,213,222,228,
5.89729830401484,17,20,402724,164,166,170,176,182,189,195,
5.46942252246663,485,41,765473,164,166,169,175,181,190,195,
5.87928088963963,496,498,368188,154,156,160,165,172,180,186,
3.50476552632172,477,143,715473,209,211,216,223,232,240,249,
4.96105884783901,494,443,985689,171,173,178,184,191,199,206,
3.83557988111861,461,395,501244,189,192,196,202.5,211,221,226,
4.02912936180364,401,494,991181,194,196,201,208,215,225,230,
4.89593979914207,498,5,205965,163,166,170,176,183,191,200,
1.19749967718963,4,497,780242,1535,1559.9,1621.75,1704,1807,1936,2013.1,
5.93736072499305,29,314,996706,163,165,169,175,182,189,194,
3.63111756897997,3,464,681834,205,208,213,219,228,237.1,243.05,
3.06841499961447,29,114,405664,231,234,240,247,256,267,275,
2.11801292395685,469,78,13249,290,293,300,310,322,336,347.05,
4.78201641533524,41,470,510991,172,173,177,183,191,199,204.05,
3.49438261194155,22,31,997432,233,236,241,248,256,266,273,
4.40031595341861,459,19,972859,185.95,188,192,198,206,214,221,
1.61963874262292,485,497,142013,421,427,436,451,469,492,506,
4.82058824382257,157,452,11082,163,165,169,174,181,189,195,
1.40144148899708,31,498,993574,877.95,892.9,913,951.5,997,1043,1081.1,
2.2417610651115,229,31,874357,336,340,347,359,373,387,401,
2.62385529493913,34,299,712011,273,278,284,292.5,304,318,326,
3.4646858280059,470,19,124948,195,197,202,208,218,227,232.05,
2.57126622234937,499,283,73432,240,243,249,257,267,280,289,
3.76191108531784,3,62,991653,220,222,227,234,244,253,260,
1.56167707860004,2,380,416383,519.95,527,539,558,581,607,625,
3.96517489396501,47,50,25110,186,188,193,199,207,216,223,
1.87505817078054,481,445,869944,413,419,430,445,463,482,497,
3.08527338118292,1,408,8369,210,213,219,226,235,244,251,
4.12006446984597,20,475,69231,176,178.9,183,189,197,204,209,
1.10446571488865,496,484,575956,1947.95,1997.9,2111,2245.5,2411.75,2596.7,2702.1,
3.3967639750801,491,441,945439,217,219,225,232,241,252,259,
1.41899440835696,93,7,7120,555,561,576,595.5,620,643,661,
1.59302832391113,464,5,624432,521,529,543,561,584,613,637.05,
2.92169872703962,349,494,798700,242,245,251,259,268.25,279.1,288,
5.57798720721621,489,180,486051,158,160,164,170,177,184,190.05,
2.38054144147318,2,479,909279,313,317,325,335,348,363,374,
4.7055499880109,43,89,784586,182.95,185,189,194,202,210,215.05,
5.93952091471292,490,28,31682,152,154,159,163,170,178,185,
5.5315535443835,11,95,907879,171,173,177,183,190,198,203,
5.79873072444461,111,487,958838,162,164,168,173,180,188,195,
2.56660252998117,1,478,44580,244.95,248,254,262,271,282,290.05,
1.92692756650504,28,8,989762,463,469,481,494.5,512,535.1,551.05,
5.10828843554482,467,29,588995,166,168,172,178,185,193,200,
2.9566625433974,475,125,8951,213,216,221,228,238,248,256,
5.16971461533103,69,500,27653,159,161,165,171,177,185,192,
1.11304917584639,467,14,177656,1187.95,1207,1246,1299.5,1369,1447,1488.05,
5.25003745416179,7,489,326396,161,164,168,174,181,189,194,
2.24234539370518,498,52,895369,329.95,334,340,351,366,382.1,393,
4.36624920668546,219,442,560872,178.95,181,185,191,198,207,216,
5.0405287116766,177,15,17734,163,165,169,174,182,189,195,
1.16645330432802,20,469,155431,982.95,997,1028,1068,1115,1170,1212.05,
2.19464483449701,12,230,441297,319,323,330,340,353,369,379,
4.01685192186851,487,25,938688,195,198,202,209,217,228,236,
2.82521422463469,2,49,904497,279,283,289,297,308,321,334,
1.21241456021089,497,131,443404,1009,1027,1058,1103,1159,1212,1254.05,
2.35668805984315,1,92,54240,280,283,290,299,311,326,335,
1.81732669784687,26,19,343815,420,426.9,436.75,449,466,484,499.05,
5.17095452214126,302,492,965363,169,171,175,181,188,197.1,203,
4.57022880525328,497,62,263891,170,172,176,182,189,198,202,
5.33385843818542,471,484,711802,163,165,169,175,182,189,194,
4.68906666408293,485,488,546567,169,172,176,182,189,197,204,
3.22088322348427,491,459,718052,219,222,227.75,234,244.25,255,264,
5.72774807547685,11,21,18030,163,165,169,174,181,189,194,
3.26883028822485,490,42,846185,224,227,232,239,248,261,269,
4.57148686216679,5,498,86221,168,169,174,180,187,196,201.05,
4.47879238517489,293,131,37706,168,170,175,181,187,197,203,
2.54708730825223,369,12,200023,252,256,262,270,280,292,302,
3.95321878353134,2,295,556888,192.95,195,200,206,213,222,227,
4.02316578479949,335,469,420882,183,185,189,195,203,211,217,
4.99946563576814,366,72,934115,173,176,180,185,193,202,208,
1.85674757901579,257,4,512440,397,402,411,426,443,463,478,
5.9375744624529,494,498,912815,159,160,164,170,177,185,190,
1.10280061489902,163,247,625615,2381.85,2444.5,2578,2747.5,2976,3208,3371.2,
5.73044795610476,459,488,146793,153,155,159,164,171,179,184.05,
5.98906963109039,227,444,800574,159,161,164,170,177,184,190,
2.76856995532289,10,12,554893,273,277,284,292,302.25,314,321,
3.94216611105949,485,498,189492,179,181,186,192,200,208.1,216,
5.68089806006756,45,468,595273,160,163,167,172,179,187,192,
5.62416833501775,359,335,374778,157,159,163,168,175.25,183,190.05,
1.441748286644,46,90,601963,700.95,707,723.75,748,778,818.1,853,
1.10801591000054,401,66,929115,1701.95,1984.4,2456.75,2949.5,3605.25,4437.7,4966.6,
5.47924894662574,384,361,996320,165,167,171,177,183,192,198,
1.11080142776482,349,368,49504,1052,1070.9,1106,1157,1218,1281.1,1326.05,
5.88184542884119,209,48,12220,155,157,161,165,172,180,184,
1.25594405136071,281,428,951408,1322.9,1350,1394,1455,1532.25,1616.1,1677.05,
4.23251571017317,97,24,707951,191,193,198,205,213,224,232,
2.52552529473323,298,375,9012,243,246,252,260,269,281,290,
5.98355969942641,407,486,791078,157,159,163,168,176,183,188,
3.24378819291014,134,355,635898,221,224,229,236,246,255,262,
2.62640333259478,161,47,426879,262,265,271,279,291,302,311,
3.49162384530064,2,428,190292,198,201,205,212,220,231,235.05,
3.27887397170998,158,344,230292,208,209,214,221,230,241,248,
5.09422989422455,253,441,409817,163,165,170,175,182,190,195.05,
3.37515891995281,29,454,499916,210,213,218,226,234,244,251,
2.96486606493127,489,153,226878,220,223,227,234,243,254,262,
5.99707465604879,318,188,236701,154,156,160,165,173,180,186,
4.89960122110788,465,192,771819,171,173,177,183,190,198,204,
2.8911511505954,459,493,601720,236,239,246,253,263,273,283,
1.75357762542553,96,499,507172,426,432,443,456,475,494.1,507.05,
3.59370636139065,495,205,395846,195,197,202,209,218,226,232.05,
4.65812826203182,258,67,254272,170,172,176,182,191,200.1,206.05,
2.53430789343547,7,56,364895,280,284,290,298,308,322,333.05,
2.26017391192727,497,440,322155,284,288,296,306,318,330,338,
4.92508425132837,2,409,27789,163,165,169,175,181,189,196,
5.91033654347993,113,411,659387,159,161,164,170,177,185,190,
3.15363371386193,2,6,664435,255,258,263.75,272,281,292,299.05,
5.949663427216,148,361,12030,153,154,158,164,171,179,184,
5.38911194684915,185,239,10458,157,159,163,169,175,183,189,
3.77946903819684,3,330,387951,194,196,201,208,216,224,230,
2.85732334200293,148,347,998713,260,263,269,278,288.25,300,308,
4.20370854826178,33,341,979786,193,195,200,207,214,223,228.05,
1.77344116736203,498,410,43698,357,362,371,385,401,417.1,429.05,
2.98390293007251,178,497,829216,242,244,250.75,258,269,280,287,
5.47191956208553,62,451,740253,164,166,170,175,183,191,198,
4.89680430947337,216,134,979849,177,179,184,189,197,206,212,
1.18385366424918,460,499,675230,1362.95,1388,1441,1519,1602,1705.1,1786.05,
2.94574757965747,41,106,250422,233,236,242,249,258,270,279,
4.42509669363499,26,269,586619,182,184,188,194,202,212,217,
3.11343639753759,49,35,976892,253,256,262,270,280,291,299,
5.99806738763582,37,421,277687,155,157,161,166,174,181,186,
2.18802218136843,490,229,531913,311,314.9,323,334,348,363,377,
2.01686460596975,3,162,589199,372,376.9,385,397,412,429.1,442,
4.10484936456196,407,484,644630,184,186,191,198,205,214,220,
4.55627590166405,310,221,666134,177,179,183,189,197,206.1,214,
1.34366974676959,497,60,329369,672.95,685,701,727,762,801,820.15,
3.77409512107261,311,414,646437,195,197,202,209,218,228,233,
4.65068860440515,22,231,969617,184,186,190,197,204,212.1,219,
5.47432024495211,12,56,178973,165,167,171,176,183,190,194,
5.11552788414992,39,436,554401,166,168,173,178,186,193,198,
1.91963861098047,493,231,621086,378,383,391,404,420,439.1,450.05,
3.83703708946705,208,157,202413,187,190,193,200,208,218,223.05,
4.19586312191095,294,469,6634,171.95,174,178,183,190,198,204.05,
3.74881137919147,14,340,5366,186,188,193,199,207,216,221,
4.96030054795556,378,270,330460,164,166,170,176,183,191.1,197,
3.63710285446141,200,260,794476,207,210,215,223,231,240,247,
2.15443171598017,25,326,759076,344,348.9,358,370,385,400,415.05,
4.24426067748573,346,408,278313,175,177,182,188,195,203,209.05,
5.30787773416378,18,215,965659,172,174,178,184,192,200.1,207,
4.27774408818223,498,264,987674,187,189,194,200,208,217,223,
1.65028174144682,186,304,763983,515,525,539,558,583,608,625,
5.3467131823767,105,24,455804,167,169,173,178,185,194,200,
3.75227505869698,487,152,48403,184,186,190,196,204,213,219,
2.32278019639198,445,298,97321,266,270,276,285,296,310,319,
5.99472187603824,74,88,612903,161,163,167,172,179,186,192,
3.90771941349376,109,78,997051,206,209,214,221,230,240,246.05,
5.51831093970686,489,234,311419,157,159,163,169,175,183,188,
1.93464828890283,74,108,8224,337,341,349,359,373,388,401.05,
2.68674311421346,485,333,679642,256,259,266,274,284,297,304,
3.33479470915627,388,339,750582,216,219,224,231,240,251,258,
3.82339830964338,500,63,727860,197,199,204,210,218,227,232,
3.14860449696425,256,419,406153,216,219,224.75,232,240,251,261,
4.96190130172763,8,436,434381,168,169,173,179,186,193,202,
2.30335832065903,134,323,966780,328,332,339,351,363,378,389.05,
1.31540097859688,2,16,35891,723,733,756,787,822,860,884.15,
2.77253759140149,365,249,486036,244,246,252,259,270,283,290.05,
3.88055416338611,58,46,777487,205,208,212,219,227,237,244,
2.43465123237111,486,5,997266,305,309,316,327,340,352.1,362,
1.46215584794991,14,216,216162,561,568,583,601,624,654,674,
1.83732348543126,493,381,399902,374.95,379,390,403,421,439,452,
3.4213017978007,481,178,588593,208,210,216,223,232,242,249,
2.31079142740928,204,184,116444,274,278,284,293,306,320,330,
4.01191699674819,4,457,191127,181,184,189,195,203,212,217,
