E,I,R,q5,q10,q25,q50,q75,q90,q95,
84,255,177520,2806.95,2929.8,3134,3392,3719.25,4134.1,4336.5,
330,435,693965,529,581.7,664.5,783,929.25,1106.1,1258.05,
260,297,774482,406,447,521.75,624,756,913.5,998.3,
292,369,639718,546,598,704.75,842,1007,1229.9,1387.1,
319,201,205520,2756.9,2865.9,3066.5,3357.5,3703,4119.6,4368.55,
158,348,438291,906.5,1058.7,1281,1647,2097.75,2620.7,2986.3,
136,81,41514,2144.95,2222.9,2338,2479.5,2659,2826,2971.2,
239,130,899062,321.95,343,407,487,587.25,695.1,793.25,
425,319,597290,647.9,715.9,826.75,985.5,1201.25,1431.3,1612.45,
24,112,842375,190,216.9,277,368.5,482.25,615.1,706.35,
71,61,523752,336.95,401.9,527.75,727,1046.25,1363.1,1550.8,
456,179,358856,1902,2097.8,2494.25,2975.5,3524.25,4160.8,4696.3,
111,480,92876,2232.9,2290,2405.5,2567.5,2780,2967,3122.2,
28,50,349012,289.85,383.5,656,1297,2730.5,4485.9,5282.6,
371,459,968127,363,390,436,522,624.25,726.1,802.1,
430,388,135660,2276.75,2363.9,2480.75,2665,2878,3133.2,3337,
385,16,293437,2946.85,3166.1,3549.25,4047,4690.5,5549.2,6181.2,
496,157,937929,361,389,448.75,533,619,731.2,804,
179,408,469631,839.8,934.9,1139.25,1429.5,1797,2191.1,2438.3,
204,249,725172,421,453.9,525,644,798.25,970,1047.05,
3,426,996435,255.95,279.9,329.75,396,490.25,582.1,663.4,
335,5,747482,391,431.9,509.75,621,766.25,925,1028.15,
470,86,68223,2060.9,2118.9,2232,2379,2561.5,2745,2861.5,
18,427,675928,392,440,525,656,826,1013.3,1136.3,
494,453,459218,1098.75,1212.7,1436.75,1724.5,2101,2544.3,2898.25,
38,343,253394,3281.95,3466.4,3840.25,4342.5,4967.25,5645.2,6150.5,
482,177,840511,410.95,447,516,600.5,706.25,818.1,907,
49,56,5999,2154,2211.8,2308,2436,2582,2784.5,2930.5,
444,185,12656,1874,1916.9,1999,2115,2259,2413.2,2517,
9,374,597679,415,469.8,583.75,746,942.75,1201.7,1387.15,
14,477,933673,291,314.9,371,455,546.5,673,768,
463,186,536550,716.8,804,984.75,1185,1443.5,1767.3,2005.5,
452,179,999344,347.95,372,417.75,485,566,673.3,748.45,
25,31,758846,135,163,217,312.5,432.25,579.6,694.2,
434,480,251753,2667,2809.7,3072,3442.5,3846.75,4358.4,4695.85,
495,453,728625,523.95,559.9,642.75,762.5,913,1065.3,1156.1,
14,117,465144,292.75,356.9,512.75,777,1185.5,1660.1,1978.45,
17,437,46594,2115.95,2191,2288,2430,2597.5,2795,2903,
266,203,564037,587,661.6,792.5,975.5,1179.75,1443.2,1650.1,
495,20,197488,2611.95,2739,2927,3160.5,3471,3817.1,3999.25,
134,472,356920,1638.85,1920,2408,3084.5,3862,4564.6,5111.8,
12,24,971972,83,97.9,138,191,271.25,372.3,449.1,
84,26,619699,271.9,314.9,419.75,565.5,742,985.2,1110.1,
402,498,881363,409.95,441,499,587,691.25,819.1,899.1,
367,445,14632,1840.95,1890.9,1988.75,2097.5,2239.25,2395,2479.4,
401,23,474827,823.95,921.9,1115.75,1394.5,1788.5,2225,2542.5,
7,1,188860,40.95,55,95,218,3965.5,4755.1,5141.05,
494,494,581837,731.8,806,912,1087.5,1302.5,1577,1727.1,
454,6,9445,1894.8,1935.9,2018.75,2131,2276.5,2449.2,2550.25,
493,11,675281,518.85,562.9,657,780.5,956.25,1168.1,1299,
440,29,946277,328,365,427,502,597,689,736.05,
60,289,926948,266,294,345,421,517.25,627.3,711.1,
59,463,782395,366,404,484,577,707,852,970.05,
2,195,326796,638.85,862.5,1707,3457,4899.5,6160.7,6856.6,
43,250,8250,2038,2085,2189,2315,2449.25,2605.4,2731.45,
91,497,596657,540,591.8,709,867,1086,1331.5,1505.05,
481,356,882553,413.95,445.9,506,593,693.25,815,879,
496,393,309161,2525.9,2682.7,3002.25,3414.5,3969,4664.2,5191.45,
46,15,898541,141.95,163.9,211,287,384,493,573.35,
2,466,421159,813.95,944.4,1226,1682,2218.25,2923.1,3414.6,
499,207,681333,548.95,597.9,690,817,988.25,1179,1338.05,
481,500,59417,1945.65,1995,2098,2245.5,2415.5,2599.2,2745.1,
29,495,235900,3034.85,3228.8,3509.75,3921.5,4369.75,4891.1,5200.25,
480,21,828118,395.95,434.8,496,588,708,835,926.15,
495,27,569128,660.9,726.9,863,1043.5,1303,1566.1,1763.05,
12,188,615380,298.9,345.9,438.75,573.5,779.75,1064.1,1216.25,
205,13,146430,2674,2764,2908.5,3131,3399,3621.2,3807.35,
177,495,915491,351,383.9,443.5,533.5,621.25,725,801.05,
246,150,391968,1131.65,1298.9,1676.25,2253,2878.25,3581.9,4030.25,
315,488,399985,1399.7,1532.5,1864.25,2302.5,2837.75,3404.7,3838.55,
276,492,192453,2587.9,2700.9,2898.75,3158.5,3484,3810,4106.2,
287,23,994392,297,317.9,370,435,521,628.1,674,
189,185,996315,273.95,295,354.75,423,508.25,619.1,707,
124,456,12619,1937.8,1986,2079,2211,2352,2529.8,2658.05,
294,317,323822,2416.95,2639.5,3115.75,3645,4268.25,4952.1,5469.45,
244,318,70355,2124.95,2178,2277,2426,2599,2842.2,2980.2,
6,137,133860,2770,2902.8,3092,3331,3610.5,3926.1,4173.25,
26,110,668586,236.9,270,350,458,614,775.1,906.25,
13,373,863684,282,315,368,450.5,561.25,683.2,779.4,
136,468,529192,672.6,753,894,1124.5,1383.25,1748.4,1942.25,
139,75,258326,3302.9,3554.9,3952.5,4535,5227.5,5946.2,6478.2,
65,22,98058,2573.9,2672,2823.75,3038.5,3259.5,3532.8,3724.15,
400,485,831217,442,470.9,525,613.5,742,879,985.2,
469,27,392381,1387.6,1595.9,1938.5,2382,3016.25,3703.7,4169.5,
150,477,292848,2971.3,3174.8,3507.75,3960.5,4599.75,5383.3,6004.25,
6,453,138137,2577.9,2659.9,2820,3013,3256.25,3533,3726.5,
470,479,513176,881.8,957.9,1126.5,1370.5,1653.25,1964.5,2184.7,
448,186,256730,2840.65,2980.9,3230,3586,4050,4572.3,4934.2,
495,7,336841,2186.75,2474.8,2884.25,3462,4141.5,4829.4,5191,
20,479,724965,368.95,411.8,492,606,738.25,930.2,1050.05,
459,121,138207,2355.9,2423.9,2571.25,2742,2977,3245.1,3440.55,
429,476,781557,476,514,586,688,808,943,1056.15,
499,49,778312,441.95,475.9,548,650.5,764.25,928,1029,
497,33,902043,370.9,401,463.75,538.5,646.25,778.1,865.05,
11,248,469923,464.9,570.8,763,1018.5,1433.25,1888.2,2197.05,
311,68,635007,494.95,534,638,780.5,963.5,1206.2,1385.2,
489,222,442351,1110,1259.9,1472,1818.5,2266,2806.1,3095.3,
153,10,416701,605.85,721,1030.5,1487.5,2154.75,2865,3331.1,
498,486,173485,2368.85,2466,2639,2841.5,3102,3373.7,3547,
13,51,285376,217,310.3,661.75,4129.5,5833.25,6939.7,7813.3,
480,439,379118,1726.5,1872,2199.75,2619.5,3166.25,3724.4,4192.2,
189,3,826794,295,329,391.75,478,593,745.4,853.35,
475,488,656027,610,656.9,764,894,1051,1227.3,1365.35,
54,38,700375,211.95,242,323,433.5,572.5,763,920.15,
1,461,488814,617.8,708.9,876,1161,1492.25,1921.2,2133.45,
36,246,801604,283.9,313,378,462,571,727.1,849.2,
49,21,562490,220.95,263.9,362.25,507.5,716.25,1036,1240.25,
341,13,99783,2268.75,2334,2463.5,2633.5,2841.25,3086,3269.1,
20,246,375149,719.7,901.7,1362,2204.5,3072.5,3972.9,4604.05,
271,15,539445,543.95,617.9,749,965,1249.25,1558.3,1810.2,
180,481,821522,394,424.8,493.75,579.5,701,824.2,905,
475,70,716717,489,531.9,615,727,876,1055.2,1195.05,
493,349,87949,2090.95,2143.9,2255,2398,2574,2784.1,2958.4,
236,3,325915,1809.15,2369.9,3203.75,3982,5031.25,5931.2,6565,
147,55,942429,245.95,269.9,320,391,479,583,656.05,
464,497,995292,377.9,401,445,522,609.25,710,780,
497,470,952320,387,413.9,470,547.5,634,747.1,814.25,
327,496,566989,686.95,759.8,875.75,1060,1320,1561.3,1740.5,
230,66,681643,406,452,537,649,821,999,1153.15,
364,495,337757,2225,2446.9,2808.75,3274.5,3837,4612.5,5121,
2,87,61623,2446.55,2532,2691,2876,3098,3357,3506.4,
356,490,113090,2204.8,2258.9,2372.75,2553.5,2780.25,2995.1,3164.65,
6,214,732048,250,284.9,360,484,624.75,780.2,907.5,
148,499,966794,321,346,400,473.5,561,656,771.05,
496,279,193694,2509.95,2614.8,2802,3028,3359.75,3728.3,3975.05,
354,226,490495,823.95,912.9,1100,1354,1742,2122.1,2411.25,
261,300,856231,370,399.9,468,558,660,786.1,895.05,
129,242,108641,2380,2462.9,2612.75,2785.5,2999.25,3258.1,3472.05,
499,261,804467,449.95,488.9,558.75,661,782,924.5,1007.05,
4,478,351876,1339.1,1651.9,2266.5,3122.5,4114.5,5082,5586.65,
22,19,420871,153,189,300.75,545.5,891.75,1466,1997.15,
298,128,8475,1934.85,1971,2067.75,2184,2326.5,2484.2,2599.25,
7,310,557987,403.85,463.9,596.75,788,1023.25,1293.1,1510.45,
13,34,222358,203.85,285.9,750.75,4335,5066,5776.6,6423.05,
39,485,215817,2923.55,3075.8,3320,3635.5,4076.5,4490.6,4899.15,
105,246,334920,1525.85,1956.9,2764.75,3619.5,4502,5439.1,5988.35,
316,219,96244,2238,2283,2393,2569.5,2777.25,2978.2,3135,
387,323,840963,422,444.9,518.75,611.5,725,835.3,929.05,
396,8,597716,584.8,630.9,753.5,911,1122.75,1375.4,1565.15,
346,55,238342,2980.85,3111.3,3404,3796,4252.25,4704.1,5133.9,
339,416,691913,508,564,651,785,950.25,1114.3,1284.15,
273,293,663991,490.95,543.9,650,779,943.5,1143.1,1264.05,
214,475,231959,2835.7,2959.9,3222,3577,3965.5,4508.2,4732.4,
321,418,958378,353.95,378.9,432,509,605.25,709.1,785.15,
282,33,498888,627.8,712,907,1162,1514.25,1886.7,2121.2,
134,218,261219,3277,3428.9,3780,4272.5,4934.25,5568.3,6163.85,
480,157,6319,1839,1877,1969.75,2092,2236,2413.4,2523.3,
483,145,288077,2802.7,2939.9,3262.75,3724.5,4376,5002.3,5421.5,
419,357,517434,799.95,897.9,1063.75,1299,1584,1940.1,2135.4,
281,185,52013,2066.95,2139.7,2231.75,2384.5,2561.25,2755.2,2868,
115,435,172272,2639.9,2727.8,2915.25,3164,3458.75,3782.1,4026,
386,247,756581,444,490,559.5,662,794,952.2,1082.1,
417,414,380920,1641.75,1838.8,2148,2623.5,3158,3757.1,4110.1,
498,75,258518,2813.85,2963.6,3192.75,3563,4019.5,4629.3,5025.25,
445,90,722033,475.9,512.9,608.75,708.5,850,1002.2,1148,
169,39,858231,279.95,308,367.75,451,553.25,675.1,748.3,
158,411,343333,1797.25,2176.7,2736.75,3373,4169,4916,5567.95,
359,405,743009,481.9,527,593.75,699.5,838.25,990.1,1106.1,
16,160,620424,271,312.8,406.75,546.5,738.25,937.3,1117.1,
30,378,158890,2709.95,2781,2961,3175,3499.25,3841,4031.15,
35,366,164700,2724,2830.4,3021.75,3264,3537.25,3883,4085.3,
272,17,793196,340,379.7,444.75,541,678.5,806.1,913.25,
480,455,923211,402.9,431,492.75,563,666.25,777,863.1,
479,469,418934,1359.95,1481.7,1757,2132,2591.25,3109.2,3442.15,
447,46,165670,2481.95,2568.8,2748,2978,3270,3578.4,3785.2,
480,454,208241,2522.65,2635.9,2813.5,3080,3363.25,3698,4013.05,
495,18,502579,801.9,897.9,1096.25,1329,1593,1935.3,2158.1,
445,184,974771,353.95,379,430.75,504,590,681,758.1,
6,479,636255,433.9,479,581,727.5,912.25,1135,1274,
16,14,493398,109.95,138,210,346,611.5,1018,1382.15,
258,22,377112,1195.2,1433,1876.75,2525,3298.75,4165.2,4724.4,
30,441,900957,297.95,324,386,471,576,691.2,777.2,
6,450,304581,2604.95,3043.7,3618,4340,5191.75,6163.4,6797.2,
487,184,618055,614.9,668.7,782.5,937.5,1131.25,1336.2,1499.9,
28,5,816368,103.95,122,170.75,245,360,501.1,605,
482,24,438724,1038.95,1160.5,1430.25,1819,2265,2755.2,3183.35,
480,5,47377,2000,2047.9,2150.5,2290.5,2452.25,2633.2,2760.05,
4,41,998276,78,95,132,191,272,361.1,420.2,
13,480,453211,717,828.8,1075,1430.5,1895,2383.7,2668.15,
3,394,837058,289,320,387,471,590,710.2,834.1,
27,288,961303,242.9,269,316,393,485,601,672.1,
64,323,507099,559.9,645.9,799,1053,1412.5,1817.2,2133.25,
444,36,867212,377,408.9,471,561.5,678.25,808.3,914.1,
466,447,539642,799.75,871.9,1025,1246.5,1526,1840.2,2003.05,
461,454,610940,665.95,719.8,826,974,1175,1412.2,1553.35,
20,58,396202,221.9,294.9,448.75,807,1504.75,2602.4,3320.2,
54,482,756815,387,413,483,584,710.25,848.1,976.649999999999,
34,261,82634,2350.85,2419,2551.75,2716,2921.25,3134.3,3296,
334,498,148341,2344.9,2443.6,2578.75,2788,3019.25,3305,3469.05,
9,179,884818,196,230.8,284,364,469.5,592,666.05,
200,483,38996,1978.9,2035,2128,2260.5,2433,2590.1,2693.2,
185,3,216053,3177.95,3299,3544,3869,4313.25,4774.3,5081.15,
497,2,648001,559,603,702,850,1015,1209.2,1385.15,
476,19,112567,2242.95,2328,2455.75,2633.5,2853,3101,3279.05,
445,490,289610,2709.7,2826.7,3090.75,3473.5,3935.75,4553.1,4936.2,
484,499,863040,440.95,473,528,611,723,844.1,925.25,
97,294,695615,371.95,414,496.75,615,779.25,943.1,1063.3,
494,407,38489,1894.95,1946,2033,2162,2323.25,2516.1,2644.4,
75,488,391453,1137.8,1311.6,1743.5,2298.5,2977.75,3798.4,4208.05,
495,3,982807,333,356,407.75,481.5,566,675.1,732,
31,3,600252,118.95,152.9,223.75,337,515,735.5,902.3,
277,13,920197,304.95,328,381.75,458,556.25,660.1,722.05,
7,477,568796,504.85,565.9,682.75,848.5,1089.25,1355.3,1530.1,
48,484,269804,3177.75,3352.7,3720.75,4131,4732,5533.4,5995.25,
488,255,223128,2723.95,2796.7,2972.75,3261.5,3658.5,4092.7,4296.65,
330,481,999164,339.95,361,419,488.5,586,685.2,780.2,
7,143,781836,201,228.9,290,385.5,512.25,672.1,782,
251,36,439092,767,900.9,1132,1524.5,1978.25,2538.9,2901,
491,229,407679,1343.95,1487,1843,2280.5,2731.25,3308.2,3678.25,
255,6,70716,2224.95,2275.7,2403,2546.5,2744,2925,3104.4,
124,498,658734,486,527,631.75,782,953.25,1146.5,1282.6,
125,494,851130,364,396,468,554.5,668,780.5,879.05,
321,295,155669,2467.9,2532,2697,2911,3167,3463.6,3688.1,
499,258,644231,596.65,644,740,880,1058.25,1258,1377,
190,483,495538,757.95,859.9,1047,1314.5,1631.5,1977.1,2261,
153,163,591554,461.6,527.9,636,814,1009,1262.8,1467.05,
1,309,208864,3134.45,3280.9,3533.75,3855.5,4301,4847.3,5149.3,
90,17,651719,269,301.9,385.75,508.5,695,889.1,1015.25,
195,337,287918,3039.4,3206.5,3550.75,4046.5,4726.25,5558.4,6167.65,
5,179,430057,366.95,465.5,667.75,1043.5,1581.25,2275.8,2757.35,
343,479,437702,1139.85,1257.9,1496,1839,2250,2752,3038.8,
318,177,816460,388.9,414,489,581.5,701,823.3,921.25,
201,11,720507,349.95,378.9,470,580,726.25,911.1,1072.15,
28,494,65511,2175,2229.8,2351,2480,2669.5,2871,3044.1,
185,166,306125,2551.65,3060.5,3587.25,4247.5,5066.25,6104.1,6586.45,
472,493,690653,564.8,612.8,693.75,827,990.25,1157,1247.1,
172,316,28737,2004.95,2057,2159,2284.5,2428.25,2586.5,2724,
6,471,511452,563.9,643,803.75,1065.5,1384.25,1718,2006.35,
18,140,936024,183.9,206,255.75,333,426,534.1,645.25,
270,33,188354,2800.8,2911.7,3108.5,3379,3734,4156.3,4453.6,
418,283,914601,380.95,403.9,455.75,542,643.25,759.1,815.2,
500,159,737246,490,528.9,621,723,848.25,1040.1,1149.15,
498,368,768275,487.9,525.9,595,700,841.25,994.5,1113.05,
356,141,419760,1091.85,1271,1534.25,1924.5,2447.5,2999.5,3348.1,
55,20,311648,394.75,542,1016,3547.5,5247.25,6420.1,7266.2,
183,484,134164,2400.9,2472,2603,2800,3037,3244.7,3424.4,
494,494,816887,471.95,504,577,665,783,915.3,998.05,
494,403,346605,2100.9,2272.8,2632,3116.5,3646.25,4314.7,4702.2,
19,483,183165,2791.95,2894,3097.5,3344.5,3651,4040,4294.4,
8,25,152523,133.85,198,519.25,3596,4059.75,4573.7,4832.3,
48,399,352663,1319,1666.9,2345.5,3105,4033,4868.8,5426.15,
298,482,960386,352.95,380.9,432,509,600.25,709.1,767.1,
409,91,501768,785.85,869.9,1024.25,1294.5,1626.5,1978.1,2263.3,
19,168,699963,252,289.9,372,481.5,629,797,913.05,
274,52,74599,2221.95,2268.8,2377,2531,2731,2938.3,3105.2,
194,302,834337,356.85,390,457,539.5,659.25,791,900.2,
248,301,804899,394.95,426.9,499,586,706.25,862.1,950.1,
421,267,580595,680.85,729.9,870,1036,1242.25,1516.1,1703.35,
452,477,485103,952.6,1050.8,1232,1513,1830.25,2222,2513.75,
460,315,502311,889.9,973.9,1149.75,1388.5,1714.25,2091.4,2287.05,
14,47,632626,139.9,171.6,239,349.5,525,757.2,885.2,
184,357,210075,2829.65,2940.9,3140,3430,3810,4250,4551,
440,81,725303,469,508.9,591,714,874.25,1043.1,1139.3,
317,47,633656,493.95,539.9,656.75,810.5,996.25,1221.1,1344.3,
105,351,770589,355.9,388.9,465.75,570.5,724,878.2,996,
3,25,730204,67.95,82.9,119,187,308,473.5,585.25,
343,483,865983,413.95,445,510.75,585.5,699.25,805.2,898.05,
378,472,711666,534.9,578.9,661,767,920.5,1093.1,1202.25,
315,450,25492,1907,1959,2045,2170,2315.25,2480.1,2630.35,
444,434,536741,816.95,893.9,1031.75,1242,1472,1777.2,1983.15,
264,15,819161,328,365,435,531,662.25,814.4,907,
63,155,46829,2237.95,2287,2388.75,2547.5,2726.5,2926.1,3055.15,
4,475,911857,294.9,320,381,452,558,665.1,740.05,
262,26,881962,306.85,339,399,474,589,708.2,806.1,
230,469,260791,2868.55,3046.9,3341,3735.5,4235.25,4828.3,5236,
500,16,530094,718.8,817.8,972.75,1186,1481.25,1766.1,1996.3,
456,226,537916,753.65,827.9,970.75,1189.5,1472.5,1750.1,1972.3,
333,305,409813,1234.35,1406.2,1727.5,2179.5,2694.5,3330.1,3748.25,
181,29,966653,250,275,330,410,499.25,617.3,694.15,
49,196,974812,228,257,308.75,374,462,576.2,646.1,
168,145,113764,2409.75,2491.6,2650.5,2814,3043.25,3285.3,3426.05,
22,120,21181,2214.9,2264,2371.75,2521.5,2698.5,2862.4,3011.15,
196,152,553459,507.95,570.9,723,924.5,1185,1466.1,1686.1,
238,257,946413,317.95,348.9,405.75,477,581,696,765.05,
282,101,799457,377.95,409,479,575,701,833.2,916.2,
496,275,472768,982,1079.8,1303.5,1553,1949,2347.2,2625.2,
478,273,158589,2376,2457.8,2614.75,2839,3105.25,3420.3,3633.85,
433,119,509142,800.75,870.7,1039.5,1303.5,1606.75,1917.4,2207.45,
417,126,191429,2591.8,2702.9,2896,3151,3452.25,3781.2,4005.65,
88,86,610265,337.95,386.9,486.5,624.5,818.25,1061.1,1250,
186,500,748962,441.85,476.9,565,683,811.25,982,1085.3,
417,229,130074,2289.95,2373.8,2511,2682,2904,3140.2,3274.2,
136,395,232622,2968.35,3122,3380,3719.5,4168.25,4670.4,5105.7,
81,187,946553,248.95,279,324.75,386,481,587.5,692.05,
76,68,457286,415.85,473.9,683,972.5,1390.25,1922.3,2324.45,
377,18,172191,2601.95,2704.8,2880,3089.5,3382.75,3704,3929.1,
454,136,865361,389,422.9,479,563,674.25,833.2,929,
16,382,878299,283.95,308.9,373,447,544,657.6,762.05,
489,29,626073,563.95,620.8,724,879.5,1081,1314.4,1470.2,
11,246,653935,310.85,345,441.75,585,755,975.1,1144.25,
238,27,279988,3145.75,3414.9,3829.75,4391,5108.25,6026.3,6754.8,
281,473,619066,597,654.9,757.75,909.5,1101.5,1348.1,1488.05,
490,20,85063,2143,2198.8,2307.75,2461,2662.25,2895.2,3043.05,
285,11,571844,533.9,609.8,730,916.5,1128.5,1394.1,1598.05,
14,39,540743,135.95,169,241,386,635.25,920.4,1142.55,
242,497,680885,516.9,572.9,652,792.5,967,1144.1,1296.7,
491,351,108305,2142.9,2215.8,2334.75,2508.5,2692.25,2917.1,3116,
499,400,278142,2649.7,2792.5,3082.5,3494,3955.25,4492.8,4863.4,
25,465,107631,2354,2432.9,2579,2765,2979.25,3225.3,3397.05,
44,479,318567,2390.9,2772.3,3269.5,3974.5,4846.25,5646.7,6204.55,
486,415,9202,1794,1853.9,1952.75,2064,2211,2354.1,2441.25,
6,499,968476,272.95,300,358,434.5,522,618.5,700.15,
424,169,313796,2576.95,2789.7,3172.75,3712,4314,5087.6,5615.1,
26,464,6136,1971.9,2017,2112,2218.5,2380,2537.3,2653.05,
414,8,358916,1733.75,1944,2436,3056.5,3797,4521.8,5085.5,
293,337,456443,941.95,1071.9,1292,1608,2051.75,2478,2795.05,
322,273,362627,1759.65,1970.9,2425.75,3015,3713.5,4477.4,5006.95,
12,159,582659,301.85,341.9,433,594,809.25,1070.1,1242.15,
466,16,754675,449.7,489,560,677.5,824.25,994.1,1090.05,
376,487,936288,387.95,415,463.75,536,634,755.1,815.1,
42,497,702004,414.9,463.9,543,659,821,994,1139.15,
139,240,876650,312,339,389,477,583,700.1,808.05,
45,285,404686,753,909.5,1224.5,1729.5,2376,3174.4,3752.5,
214,28,769884,322.95,359,436.75,536.5,664,810.2,909.05,
343,109,707511,452.95,498,581,710.5,873,1063.2,1192.15,
92,338,630070,461,502,605.75,744,947.25,1177.1,1329.85,
5,41,878394,89.95,108.9,146,215.5,314,456.1,549,
230,382,988258,324.95,344.9,398,464,552.25,650.1,731.15,
185,74,479670,594.9,701.9,891.25,1156.5,1519.25,1969.3,2258.15,
173,486,419168,1089.9,1246.5,1530.75,1917.5,2471.75,3005.5,3372.6,
385,435,79678,2076.9,2125.9,2239,2377,2543.25,2731.3,2844.1,
306,489,799268,447.95,481,552.5,647,768.75,899.1,1021.15,
319,498,369969,1729.85,1984.3,2302,2757,3442.25,4192.5,4725.35,
54,480,545317,546.95,618,760.75,960,1247,1557.1,1805.05,
252,25,31140,2045,2107,2198.75,2329.5,2489.25,2661.1,2754.2,
154,372,574291,568,635,748,928,1141,1399.7,1595.1,
490,48,225802,2749.75,2868.9,3127,3444,3850.5,4237.2,4491.3,
299,5,267055,3137.95,3339.8,3651.75,4123,4715.5,5483.4,5948.6,
465,6,312559,2640.65,2885.8,3262.5,3852.5,4518,5283.3,5788,
90,54,795549,237,271.9,338,431.5,550,691.1,847,
490,381,558662,759.95,823.8,969.75,1144.5,1376,1656.1,1853.3,
8,171,240717,2400.55,3599.9,4055.5,4621.5,5280.75,6027.1,6416.2,
11,11,685194,64.95,87,131,211.5,336,495.5,638.649999999999,
267,471,311975,2650,2841.7,3185.75,3666,4301,5029.8,5526.75,
328,16,662965,459,509.6,597.75,743.5,905.25,1126.6,1220.25,
363,443,897569,397.95,426,476.75,552.5,667.5,780.3,881.2,
495,441,628202,645.95,699.9,814,955,1160,1362.2,1540.1,
500,261,702662,523.95,582.8,663.25,788.5,941,1125.4,1265.25,
70,2,243064,709.95,1230.8,4062,4707.5,5398.5,6201.8,6686.05,
14,216,530969,375,434,567,762,1062,1403.6,1656.25,
342,18,129498,2413.75,2495.9,2639,2834.5,3077.75,3355.1,3523.45,
465,492,125643,2179.9,2245.9,2375,2555,2753,3023.2,3194,
126,183,752777,337.95,367,448,558,716.5,867,965,
179,489,881369,359.95,391.9,455,541,664.25,790.2,897,
260,427,5620,1867.85,1915,2000,2120.5,2262.25,2400.1,2532.05,
423,486,764587,485.85,522.9,598.75,694,827.25,970.1,1053.2,
483,500,895259,414,439.9,501,574,674,806.1,891.05,
425,35,692095,480.9,530,622,742,895.25,1079.5,1237.4,
103,3,120705,2665,2740.8,2890,3112,3380,3658.5,3835,
33,9,917490,114,132.9,178.75,244,327.25,434.1,521.25,
13,499,809609,343,381,446.75,529,643.25,792.2,900.25,
498,150,26724,1900.9,1938,2034.5,2175.5,2318,2470.3,2638,
270,461,588143,615.95,684,815.75,999,1209,1427.5,1645.15,
202,44,345838,1300.65,1595.4,2284.25,3237.5,4211.75,5141.1,5834.35,
500,11,372430,1623.6,1829.9,2281,2848,3469.5,4193,4649.25,
496,28,804383,429,460.9,535.75,629,756,891.1,976.2,
136,124,166098,2785.9,2887.9,3075.75,3319,3613,3989.2,4199.1,
114,12,986307,198.95,226,268,337.5,428.25,532.1,584,
468,494,324340,2390.7,2550.9,2876.5,3351.5,3910.25,4574.3,5063.1,
39,9,266136,277.9,403.9,986.75,4857.5,5855,6818.5,7465.25,
481,5,848059,390,424.9,486.75,570.5,690,831,922.05,
10,16,366470,91,120.9,204,401,905.25,2028.3,3134.05,
356,273,272600,2913.95,3052.6,3364.5,3811.5,4312.5,4900,5460.1,
491,445,237818,2654.95,2767,2962.75,3261.5,3656.75,4078.1,4388.5,
7,492,610626,460.95,514,629.75,778.5,978,1220.4,1377.1,
447,5,555661,646.95,728,864,1046,1301,1564.4,1809.1,
13,14,39452,153,258.7,2543,2800,3059.25,3310.5,3463.3,
336,11,972693,296.95,323,374.75,443,544,643.1,725.05,
465,2,999473,327,349.9,400.75,472,564,672.1,730.2,
289,464,553313,718.95,780.6,913,1122,1366.5,1630,1833.2,
275,212,610382,555.95,599.9,711.75,869.5,1077.75,1298.4,1464.3,
496,131,177666,2510.95,2602.9,2782,2994,3295,3582.2,3810,
349,6,406350,1016.8,1188.9,1573,2099.5,2783.25,3432.1,3804.4,
13,7,446808,81,110,168,294.5,560.25,970.8,1404.6,
