R0,E,I,R,q5,q10,q25,q50,q75,q90,q95,
1.1,1,1,5000,6,9,16,45,1399,1569,1644.05,
6,1,1,5000,167,170,174,180,187,195,201,
1.1,500,1,5000,1059.95,1083,1116,1164,1230.25,1310,1352.05,
6,500,1,5000,152,153.9,158,163,169,177,182,
1.1,1,500,5000,1103,1121.9,1155,1206,1262,1328.1,1370,
6,1,500,5000,152,155,159,164,171,178,184,
1.1,500,500,5000,1031.95,1051,1088,1142,1198,1263,1301.15,
6,500,500,5000,150,152,156,161,168,176,182,
1.1,1,1,1e+06,5.95,8,15,31,80,181.3,305,
6,1,1,1e+06,180,182,187,193,200,208,213,
1.1,500,1,1e+06,939.95,1042.8,1293,1617,2012.25,2489.4,2756.05,
6,500,1,1e+06,161,163,167,173,179,188,193,
1.1,1,500,1e+06,655.95,784.9,1017,1311.5,1773.25,2221.1,2700.2,
6,1,500,1e+06,162,164,167,173,180,188,192,
1.1,500,500,1e+06,1052.75,1196.4,1387,1683,2044,2476.3,2814.45,
6,500,500,1e+06,158,160,165,170,177,184,190,
3.54051937814802,385,50,35876,190,193,198,205,212,221.1,228,
3.86738688466139,17,322,393996,192,194,198,204,212,220,227,
5.88136944868602,270,197,561794,158,160,164,169,176,184.1,188.05,
1.13486633242574,257,284,637143,1814.95,1859.9,1936,2040,2184,2340.1,2418.1,
3.16725736916997,459,415,851263,226,230,236,243,253,265,275,
2.53278024662286,29,45,519487,286,289,295,305,316,329,337,
2.85006077594589,207,473,637698,243,245.9,252,260,270,282,289,
4.58608505332377,482,464,719743,174,177,181,187,193.25,201,206.05,
4.81989363529719,115,9,504746,175,177,181,187,194,203,209,
2.069468277134,425,207,905280,364,368,377,391,407,426,439.05,
5.26551092432346,446,6,804636,167,169,173,179,187,194,202,
1.90348404019605,73,465,435864,370,375,384,398,413,431,444,
4.28346880006138,296,23,874941,188,191,196,202,210,220,226.05,
5.25366343157366,44,428,734077,167,169,173,178,186,194,199.05,
3.09778089013416,98,8,727109,241,244,249,257,268,279,286,
3.87814703688491,482,496,961766,197,200,205,211,219,231,238,
2.68814629551489,429,13,184673,239,242,248,256,267,276.1,284,
4.52610804217402,267,487,258427,170,172,176,182,189,198,202,
4.54862784470897,8,484,615137,176,179,183,189,196,205,211,
1.85399679504335,499,408,43463,337,342,350,362,376,392,405,
1.80086935495492,102,31,836887,472,478,488,505,527,551,570.1,
3.17388177239336,54,439,117055,209,212,216,223,232,241,249,
2.59857274412643,495,491,752223,267,270.9,277,287,299,311,319,
4.30318818620872,453,93,190092,173,175,180,186,193,201,208,
5.33990825242363,417,486,997341,166,169,173,178,185,194,201,
3.13740215145517,483,3,922007,234,238,242,251,261,272.1,280,
1.83212819434702,334,486,668368,410,414,424,439,457,475,490,
3.87300149914809,38,5,389130,201,202.9,208,214,222,231,238,
3.43247643157374,197,463,921124,217,220,225,233,241,251,259,
5.48736380429473,494,359,35096,154,156,160,166,173,180,185,
1.72862034011632,324,21,225960,405,410,420,434,449,469,484,
4.72257329262793,90,247,9017,166,168,172,177,184,192.1,198.05,
4.01175951901823,500,375,32830,175,178,182,188,196,204,210.05,
5.10217316958588,321,100,50708,161,163,166,172,178,187,192,
5.77191476770677,174,475,31087,153,155,159,165,171,178,184,
5.51219147990923,10,192,917380,170,172,176,182,188,196.1,203,
2.11155895646662,221,259,19194,294,297,305,314,327,343,356,
2.97613611081615,36,249,978008,255,258,264,271,281.25,295,303,
1.55165375280194,37,257,96693,471.95,477,489,506,527,546,562.05,
5.75173387676477,192,31,714831,162,164,169,175,181,189,195,
2.03823698177002,496,42,481243,337,342,350,362,378,393,405,
1.27599425904918,220,9,809409,1137.95,1156,1186.75,1231,1289,1361.1,1410.05,
4.62009429906029,162,449,989528,180,183,187,193,200,210,215,
3.69835227923468,174,117,60982,189,191,196,202,210,219,224.05,
3.12598071324173,319,471,46765,205,208,213,220,228,238,244.05,
2.31747814267874,278,60,956308,326,330,338,350,363,377,386,
4.52991112142336,4,30,327401,184,186,190,196,204,212,218,
3.65743323133793,296,169,972545,210,213,218,225,234,244.1,252,
2.41379209754523,13,467,906600,308,312,319,330,343,357,366,
1.42347062039189,122,478,103863,542,547,560,578,601,628,651,
4.84413644724991,480,104,938469,175,178,182,188,195,204,209,
3.48022810290568,13,65,188155,207,210.9,215,221,229,239,245.05,
1.53620990761556,435,399,896932,618,627,642,668,699,733.1,754,
5.0459271974396,499,468,942983,170,172,176,181,189,198,204.05,
4.13355485782959,11,467,110217,177,179,183,190,196,205,210,
2.02837837594561,7,67,548663,376,381,390,403,417,434,448.05,
3.79195662641432,497,96,457465,191,193,198,205,213,221.1,227,
3.70626973442268,475,483,88827,183,185,190,196,205,213,219.05,
5.2324115944095,32,103,351229,167,169,173,179,186,194.1,200,
2.18348589339294,446,462,184100,287,291.9,299,309,320,336,348,
1.49695826540701,476,3,765484,630,639,657,681,710,749.1,771.05,
2.59204520990606,192,291,22791,241,244,250,258,268,280.1,290,
4.22871272447519,326,483,988820,188,191,195,201,209,220.1,226,
4.95228753918782,5,426,109992,164,166,170,175,182,190,196,
5.78839012037497,490,72,667219,159,161,165,170,177,185,191,
2.91598266295623,271,63,61628,221.95,224,230,237,247,256,266,
2.71578205644619,488,310,67970,229,232,237,244,255,265,274.05,
4.10459983001929,13,207,874420,197,200,204,211,218,228,234.05,
5.88175401547924,362,30,80956,154,156,160,165,172,181,186,
5.99526704996824,70,284,96870,154,156,160,165,171.25,179,184,
5.59320846064948,4,499,122951,156,158,162,168,175,182,188,
2.82050531387795,10,246,13752,230,232,237,245,254,265.1,272,
5.17953725180123,231,489,123690,159,161,165,171,178,185,191,
2.44135308584664,483,126,984831,301.95,305,312,324,336,352,363.05,
3.59228606247343,51,495,537415,201,204,209,215,224,232,239,
1.11010120615829,394,2,633584,2176,2237.8,2369.5,2523.5,2718.25,2945.3,3126.05,
4.20824466054328,141,478,567429,182,184,189,195,203,212,218,
2.70616782386787,369,490,672851,254,258,264,272,282,296,306,
1.14759455069434,134,7,10059,970,986,1014.75,1052,1104,1151.1,1192.15,
1.11104117135983,350,490,966872,1607.9,1791,2189,2635,3228.5,3883.3,4308.5,
5.46587225776166,303,111,640627,163,165,169,175,182,190,196,
5.96931894745212,294,431,658738,157,158,163,168,175,184,189,
5.9815194767667,167,2,152289,157,159,162,167,175,183,188,
3.86829107445665,272,479,822965,198,200,204,210,219,228,235,
4.68931057527661,361,31,20454,165,167,171,177,184,193,199,
2.22069445734378,74,232,76462,288,291,298,307,319,334,342,
3.25366008759011,3,343,941330,234,237,242,249,259,270,279,
1.3509767200565,278,493,90221,591,600,617,638,666.25,701,719,
4.80358103802428,382,450,812745,172,174.9,179,185,192,200,205,
5.55703663278837,142,120,95287,158,160,164,169,176,184,190,
3.93650609108154,389,93,999099,200,202,207,213,222,230.1,237,
5.15794477134477,218,149,883754,171,173.9,178,183,190,198,204,
5.07341226311401,459,332,21071,158,161,165,170,177,183,188,
4.54106699929107,189,17,205739,173,175,179,185,192,201,207,
3.44323048242368,499,349,899182,214,217,222,229,238,249,258,
2.63662852167618,109,476,952286,279,282,289,299,310,323,331,
2.38298813335132,358,7,357001,278,282,289,298,309,320.1,334,
2.53048437549733,163,24,885245,296,300,306,315,328,343,355,
1.64356401048135,168,436,579569,486,492.9,505,521,544,565,582.05,
1.32926692164037,71,147,737234,935.95,947,973,1011,1058,1109.1,1144.15,
5.58397694095038,388,471,81544,154,156,161,166,172,179,184,
5.90524911026005,130,354,974405,161,164,168,174,180,189,193,
3.99700519863982,333,27,188567,183,185,189,195,202,211,217,
1.32649921057746,341,180,320682,701,710,732,760,794,832,859.05,
3.29435268987436,295,70,978237,229.95,232,238,245.5,255,266,274,
2.87601275057532,485,137,914177,251,255,261,269.5,281,293,300.05,
1.11046655271202,211,365,419155,1590.8,1620,1681,1774,1894,2010,2084.15,
1.76386804603972,3,394,683510,455,461,471,486.5,507,531.1,547.05,
4.39201669348404,76,219,18981,172,174,178,184,191,200,206,
5.92535764949862,420,126,891937,159,161,166,171,177,186,192,
1.27169293556362,492,407,76046,672,682,702,729,760,801,832,
4.12967033870518,148,25,154921,181,183,188,194,202,209,215,
4.88433362552896,290,453,213714,163,165,170,176,183,191,196,
5.78684275818523,2,56,58819,161,164,167,173,180,187,192.05,
3.31649205328431,148,46,996976,234,236,242,250,260,269.1,279,
3.41671598807443,371,490,389055,202,204,209,216,224,234,241,
2.28278011712246,271,484,260690,282,285,292,301,312,326,333,
4.74892030723859,496,51,25454,163,165,170,175,182,189,194,
2.08578542647883,147,86,992066,383,388,397,410,425,444.1,458.05,
4.23600706148427,213,145,960326,191,193,198,204,212,221,228.05,
1.94484997834079,399,246,58461,322,328,335,346,361,378.1,387,
1.51894502716605,175,93,862195,659,667,684,709,738,777,796.05,
1.75108071586583,493,125,922569,478,484,496,514,535,554,572,
4.34551057284698,495,75,960740,186,188,193,199,207,217,224,
1.10933932850603,64,466,31953,1080,1098,1130,1178,1238.25,1305,1354.3,
5.63364105406217,237,483,708748,161,163,167,172,179,189,195,
5.06116741783917,128,81,295931,167,169,173,178,185,193.1,199,
3.89131655741949,140,301,909958,201,203,208,215,223,232,239,
3.24635489862412,494,268,36379,199,202,206,213,222,231,238,
4.37051279931329,471,452,415282,174,176,180,187,194,202.1,209,
2.75033715949394,64,21,889217,279,282,289,299,310,322,331,
5.34347927297931,163,7,436434,166,168,171,177,183.25,191,197,
4.93555680045392,24,108,766984,178,180,184,190,198,206,211.05,
3.38563378048129,273,66,7886,198,200,204,210,218,227,235,
4.73603713256307,257,133,796883,176,178,183,189,196,204,210,
1.40139031412546,13,3,810012,903,919,948,988,1030,1086.1,1122,
2.99144106989261,478,489,464866,223,226,232,240,250,261,270,
2.5303058042191,329,58,958336,292,296,302,312,325,339.1,349,
5.59359898392577,414,180,972702,164,167,171,176,184,191.1,198,
5.11350829412695,500,18,839933,168,171,175,181,188,196,202,
1.36835784034338,11,485,813033,855.95,872,894,926,969,1017.1,1056.05,
5.77264873282984,413,468,820764,160,162,165,171,178,186,191,
4.46192694162019,347,167,851867,181,183,187,194,203,211,217,
4.31113885669038,4,96,11989,178.95,180,185,190,197,206.1,212,
1.62601467915811,477,485,69596,409,414,425,440,458,477.1,494,
5.42201311560348,124,498,923611,166,168,172,178,185,193,198.05,
2.61262860097922,19,418,144563,246,249,255,263,275,286,294,
4.85591576958541,130,468,948109,176,178,182,188,195,203,208,
3.85325922144111,243,3,292337,190,192,197,203,211,220,227,
1.95831599961966,308,47,249406,342,346,354,366,381,397,408,
2.054219212709,2,402,130558,317,321,328,337,350,364.1,375,
3.55110485060141,29,52,997836,226,229,235,242,251,262.1,269,
2.34110534451902,395,493,919664,309,313,321,332,346,359,373,
3.13101276862435,228,412,758534,229,231,236,245,255,266,273,
1.81991923286114,17,20,174308,402,408,417.75,430,447,468,480,
2.90346046073828,1,10,465606,263,266,272,280,291,302,312.05,
2.3076657671947,1,2,826660,14.95,362,382,398,415,433,445,
2.01837281805929,256,470,732380,362,368,376,389,406,424,433,
4.09830968121532,259,466,54262,175,177,182,187,195,203,209,
2.94124082538765,385,43,441723,232,234,240,249,258,269,276,
5.00437277385499,349,498,951544,171,173,177,184,191,200,205.05,
5.8299588812748,4,451,976628,162,165,169.75,175,181.25,188.1,195,
4.17668562170584,474,173,845483,187,190,194,200,209,217,223,
2.38114320826717,500,421,230879,265,269,275,283,295,308,317,
2.38251157363411,107,465,83110,263,266,272,281,291,305,313.05,
4.56182057510596,78,71,933798,187,189,194,200,207,216,222,
5.48163712555543,498,2,881290,165,167,171,177,184,193,200,
3.54545036270283,317,468,13314,188,190,194,201,209,218,225,
1.27027058878448,164,496,980942,1282.95,1315,1359,1418.5,1504.25,1583.2,1646,
4.57137707280926,443,39,831531,179,181,185,192,200,209,215.05,
2.91469613220543,143,189,20444,221,224,229.75,236,245,256,263,
3.64057272889186,476,27,839969,206,209,214,221,231,241,248,
4.89695384560619,321,7,952223,176,178,182,188,196,204,211,
2.20673924577422,125,451,885027,337,342,350,362,376,394,406.05,
2.95861153979786,225,30,984492,255,258,265,272,283,294.1,303.05,
2.26481176586822,494,47,143786,278,281,288,297,309,322,334,
1.76372334035113,256,229,926196,477.95,485,498,515,535,560.1,580,
1.82930206160527,168,370,14345,350,354,362,373,389,406,418,
2.71246968484484,300,3,992321,275,279,286,296,307.25,320,328,
3.916990804323,366,328,63414,179,181,186,192,199,208,214,
4.86373175121844,495,497,300062,163.95,166,170,175,182,189,195,
2.92273394234944,25,485,53384,220,223,228,235,245,254,259,
5.57435659901239,79,2,921385,171,173,177,182,189,197,203,
5.35242202589288,350,17,35510,159,161,165,170,177,185,189.05,
4.2667325030081,16,449,980053,191,193,198,204,212,223,230,
1.57258580862544,285,407,55462,435,441.9,453,469,487,509.1,526,
5.27336380511988,493,352,5600,156,158,162,167,174,182,186.05,
3.42764606149867,496,57,244314,199,201,206,213,222,231,238,
4.66481728870422,6,64,745540,185,188,192,197,205,213,218,
3.28823973760009,122,491,501016,214,216,221,228,238,250,257,
3.95971444183961,89,477,306223,184,186,191,197,205,214,219,
2.56386580951512,499,42,34880,241,244,250,258,270,280,288.05,
2.497431449336,269,496,907270,290,293,301,310,323,335,344.05,
2.062194139231,492,480,486315,328,332,340,351,366,380.1,393,
5.63228074095678,491,368,852535,161,163,167,173,180,188,193,
1.56976381952409,154,6,187428,482,487,499,515,535,557.1,575,
4.96474099142943,230,88,72254,164,165,170,175,182,189.1,195,
5.32375192013569,275,312,39076,157,159,163,169,176,183,189,
3.29528589998372,428,33,76476,200,203,208,214,223,231,240,
2.51633765746374,417,398,34066,244,247,253,261,271,282.1,294,
3.18309501421172,25,37,441285,231,233,239,246,256,266,275.05,
3.56449132813141,210,3,904337,217,219,224,231,241,250,258,
2.99170258813538,317,293,924699,243,246,252,261,271,281,289,
1.85708520014305,472,468,969886,432,437.9,448,464,486,507,521,
1.46268106349744,266,485,958531,728,739,760,789,825,867,897,
2.38412956823595,163,29,116454,272,275,281,289,301,315,324.05,
5.30317054726183,10,487,6162,157.95,160,164,169,176,184.1,189,
5.68505258779041,298,1,9723,155,157,162,167,173,180,187,
3.78061043885537,193,466,357762,189,192,197,203,211,220,225.05,
1.23224355089478,424,28,721190,1199,1219.9,1258,1315,1382,1453.1,1511.05,
3.14352331343107,228,95,15858,208,210,216,224,232,242,249.05,
3.41114046550356,8,438,776470,217,220,225,233,241,251,257,
4.39788335356861,218,488,215938,171,174,178,185,192,200,205.05,
1.61696504838765,37,259,989534,603.95,613,628,649,676,710.1,735,
5.07508805305697,2,342,532935,168,171,175,180,187,195,202,
4.1986657196423,490,494,866197,186,188,192,199,207,215,223,
4.07660495282616,422,39,17131,175,178,182,188,196,205,210,
4.74639534140006,10,491,559930,172,175,179,185,192,200,206,
5.99271215568297,338,72,934469,162,163,167,172,179,187.1,192,
2.23562502504792,496,498,994043,332,336,344,356,370,384,392,
1.25699267988093,18,150,215669,828.95,841,867,900,936.25,978,1011,
3.73901474771556,13,116,942581,214,217,222,229,237,248,255,
1.65902176173404,440,53,94928,406.95,414,423,438,455,476,486.05,
3.76654320182279,391,452,985598,202,205,211,217,227,236,242,
4.49398637523409,492,21,334978,172,174,179,185,193,202,209,
1.36867866443936,395,494,753889,788,802,826,859,898.25,944,976.1,
1.4033362187678,367,23,28675,541,549,561,581,605,634,654,
4.50068225853611,410,480,121107,167.95,170,174,180,188,196.1,201,
3.3964526510099,82,178,345024,208,211,217,223,232,241,248,
4.07238972168416,376,411,894703,191.95,193.9,198,204,213,222,228,
3.01288589665201,482,47,70952,212,215,221,227,236,247,255,
5.01649647240993,466,13,31538,160,162,166,172,179,188.1,194,
2.73911385277752,5,322,973556,274,278,284,293,304,317,328,
1.67644262993708,44,484,30309,398,404,413,427.5,446,466,480,
2.14877482654992,30,483,832518,348,352,361,373,387,404.1,419,
3.66582766266074,8,76,48701,196,199,203,210,218,226,232,
5.3781847176142,45,180,9698,160,162,166,171,178,185,191,
4.34672034357209,166,43,962232,191,194,198,204,212,222,228,
5.70069967671298,37,303,835697,164,166,170,176,183,191,195,
5.82434759128373,495,488,653300,156,159,163,168,175,182,187,
5.02721749735065,67,484,378554,165,167,171,177,184,191,198,
5.45538184032775,177,493,137736,157,160,163,168,175,183.1,189.05,
1.36785581868608,488,147,935469,886.95,899,930,967,1012,1065.2,1106.1,
3.97331540752202,183,61,950915,202,204,208,215,224,233,241,
1.10079014955554,143,170,972649,736.95,877.9,1143,1528.5,2022.25,2665.4,3083,
4.38016726353671,294,29,26719,171,173,178,183,191,199,205,
2.80990628560539,413,500,219542,228,231,237,244,253,262,270,
5.94692224937025,188,499,984682,160,163,166,172,179,187,194,
3.26614449962508,273,497,960622,226,229,235,242,253,264,271,
2.15416582135949,323,372,953272,350,355,363,375,389,407,416,
2.07029028662946,79,25,117630,322,327,334,344,356,371,385,
3.75032135506626,95,19,938901,214,216,221,227,236,246,251,
5.87891398123466,32,19,595313,165,167,172,177,184,191,196,
1.9267074447358,230,1,323344,360,365,373,385,400,414,426,
5.70251815528609,486,14,228049,156,158,162,167,173,180,186,
5.99486951034051,409,316,373351,153.95,155,160,166,172,179,185,
1.66199791776016,3,23,178333,474,480,494,507.5,526,549,562.1,
2.70970820635557,244,8,15092,235,238,243,251,261,271,278,
2.17936145383865,4,138,5273,297,301,308,317,329,342,352.05,
1.15088781043887,424,437,264828,1086,1100,1131.75,1177,1241.25,1304,1354,
2.73136126017198,135,487,44279,230,232,238,246,255,264,273,
4.21528752124868,68,33,595612,190.95,193,198,204,212,219,226,
1.65573530157562,319,26,989445,556,564,580,601,626,653,670,
3.49438342081849,441,440,238060,194,197,202,208,217,226,232,
5.55935184052214,337,359,987770,164,166,171,176,184,193,198,
3.43129797088914,406,246,994567,219,221,227,235,244,254,262,
4.46171106046531,5,168,957908,190,192,196,202,210,218,224.05,
1.17098958774004,347,58,34349,867,884,907,944,987,1035,1065.05,
4.7420959482668,156,464,181169,166,168,172,178,186,194,198,
2.68248259280808,95,14,265453,255,258,263,272,282,292,302,
2.71553054477554,316,476,111950,231,234,240,247,257,268,276,
5.3762920665089,16,92,967754,174,176,180,186,193,200.1,205,
2.97654271922074,206,480,102187,216,219,223,231,240,249,256,
5.22590879197232,361,492,241407,159,161,165,171,178,185,192,
2.61381229825784,3,62,20925,255,258,264,272,282,292,299,
4.24089057557285,390,389,252522,174,177,180.75,186,193,203,210,
1.4541753140511,498,467,621815,622.95,631,649,671,702,740,761,
2.1805255669402,353,113,33856,284,288,294,303,316,329,341,
1.90861459374428,398,14,894394,417,421.9,431,445,464.25,484,499,
4.96550922715105,406,28,581395,168,171,175,181,187,196,201,
4.94487490763422,165,1,934229,178,180,185,190,197,206,211,
4.32094660138246,6,482,90390,172.95,175,180,185,193,201,207,
5.14331365125254,114,3,999232,177,179,184,190,197,205,211,
1.87929185093381,154,347,998567,441,447,457.75,472.5,493,515,530.05,
5.53485397791956,217,13,926582,168,170,174,180,187,195,201.05,
5.18791923623066,364,11,963167,171,173,177,182,189.25,197,202,
2.85232650185935,73,498,685392,247,250,256,263,274,287,296,
2.76431724887807,484,479,955074,259,263,269,279,291,302,310.05,
5.83504079382401,473,378,31149,151,154,158,163,170,177,182,
3.11194971138611,108,490,959987,238,241,247,255,265,277,285,
3.61596321046818,171,483,929697,210,213,218,224,232,242,249,
3.3227878049016,1,312,157208,205,208,213,220,229,238,247,
5.98527959540952,97,105,990629,164,166,170,176,182,190,195,
5.71586841361132,307,91,966147,163,166,170,176,183,191,197,
3.53485233383253,138,394,184586,195,198,202,209,217,227,236,
5.27412537587807,213,472,589243,163,165,170,175,183,191,198,
3.7920735005755,102,127,31702,187,189,193,199.5,207,215,222.05,
3.97563352219295,10,490,996561,199,202,207,214,223,233,238.05,
1.90631645685062,41,141,987754,447,453,463,478,497,519.1,534.05,
5.54507574553136,31,38,127475,162,165,169,174,181,189,194,
1.44611958083697,328,3,762008,697.95,708.9,730,757,791,828,854.05,
4.59285641887691,281,486,905107,179,181,185,191,199,208,215,
5.98601887698751,175,432,8228,152,154,158,163,169,177,182.05,
4.94264339299407,33,13,58348,171,173,177,183,189,197,203,
4.75035742942709,411,490,17253,162,164,168,173,180.25,189,195.05,
5.37603709457908,418,441,5152,155,157,161,166,173,182,187,
2.35677321096882,89,93,949126,327.95,332,339,349,363,381,388,
2.50332081615925,305,11,5452,250,253,259,267,278,291,300,
1.37103301428724,225,56,35851,579,586.9,602.75,622,650,684,707,
4.43444339786656,499,469,67432,167,169,174,179,187,196,203,
1.73488806397654,413,473,118394,378,383,392,406,423,443,457,
2.04717752709985,381,496,28838,298,302,309,320,331,346,356,
2.23813652747776,425,49,886244,330,334,343,354,366,381,391,
5.4088631130755,487,374,929489,164,166.9,171,176,184,192,199,
3.29152922676876,212,347,6797,199,202,206,213,221,231,240,
3.70927512638737,466,6,97436,187,189,194,200,208,218,224,
3.07908739154227,9,500,708428,233,236,242,249,258,268.1,276,
2.47824184563942,43,83,13925,261.95,265,271,280,291,303,311,
5.34504793407396,475,5,165956,158,160,165,170,177,184,188,
4.0632074305322,12,99,5943,182.95,185,189,196,203,212,218,
4.24646818365436,486,16,15110,172,174,178,184.5,192,201,206,
3.31574708218686,475,52,973988,225,228,234,241,251,262,270,
5.41883928100579,2,454,658488,164,166,170,176,183,190,196,
4.97878592330962,200,499,813319,170,172,177,182,190,197,204,
3.94805285616312,210,5,13765,182,184,188,194,202,210,217,
2.95299186212942,390,446,15966,213,215,220,227,236,246,252,
2.62244458959904,426,69,970844,281,284,291,300,311,323,333.05,
3.0991234957939,371,18,865636,236,239.9,245,253,263,274.1,283,
5.98004414911848,296,495,21077,151,153,157,163,170,177,183,
3.33872606556397,402,473,23604,195,197,202,209,217,225,233.05,
2.05270274528302,417,42,28973,303.95,307,314,324,336,351,362,
3.95941744025331,500,27,299680,183,186,190,196,205,213,219,
4.19818788557313,183,260,17545,174,176,180,186,194,203,208,
1.10024125296623,375,466,38469,1078.95,1103,1136,1190.5,1254.25,1329,1375.15,
5.85968088300433,67,498,464784,157,159,163,168,174,182,188,
5.14601448678877,153,414,954799,171,173,177,182,189,198,203.05,
4.68752298690379,18,497,984936,179,182,186,192,200,209,216,
3.2443300583167,113,62,84051,209,212,216,223,232,242,248.05,
1.45344940689392,413,437,11922,488,496,508.75,526,549,580,597.25,
5.18086655035149,20,483,919994,171,172,177,182,190,198,205,
2.26927138052415,198,302,652274,311,315,323,333,347,362,372,
3.68838505458552,339,5,442657,197,199,204,210,219,228.1,236,
4.02773309873883,442,490,60875,175,177,181,187,194,203,209,
2.41169707546942,3,396,274092,273,277,284,292,302,316,327,
3.03365334202535,11,322,64511,217,219,224,231,241,251,259,
5.13558407342062,85,381,64248,161,162,166,172,179,187,195,
4.65858135176823,492,98,959356,179,181,186,191,199,207,214,
4.50181747796014,48,479,13273,168,170,174,179.5,187,195,201,
4.58909662880469,347,410,54088,165,167,171,176,183,191.1,199,
3.00297202935908,442,449,992810,243,246,252,260,270,283,291,
1.48862229569349,115,426,927140,697,708,728,754,788.25,826,852.05,
1.41475340838078,24,69,35275,575,584,597,616.5,641,671,693.1,
2.09165950221941,133,483,109056,302,307,314,323,337,351,362,
5.33020999475848,497,469,377662,158,161,165,170,177,184,190,
1.30008088930044,164,359,8211,634,644,660.75,685,714,751,768.05,
2.87807544039097,358,496,979458,253,255,262,270,281,294,302,
1.75420511770062,497,19,417422,412,417,426,441,458,480,496.05,
1.29678427653853,497,30,497535,822,833,858.75,892,933.25,981,1024.05,
4.5092708397191,120,485,898267,181.95,184,189,194,202,210,217,
4.73352351039648,420,212,351005,167.95,170,174,180,187,195,202,
2.61648540494498,254,195,543245,262,265,272,281,292,304.1,314,
1.15129986421671,40,334,667761,1786.95,1816.9,1893,1983,2110.25,2260.1,2366.2,
2.46131001941394,156,500,545585,276,280,287,296,307,320,329.05,
2.57905400737654,468,3,644494,269,272,278,287,298,312,319.05,
3.60506839107256,157,12,638121,210,212,217,224,232,242,249,
1.11913478146307,99,88,481652,1754,1788,1867.75,1962,2068.25,2179.1,2267.15,
4.06362512363121,262,161,546748,187,190,193,200,208,217,225.05,
5.99184491182677,396,12,418287,156,158,162,167,174,183,188,
1.10844203641173,497,274,192583,1206,1228.9,1270,1330,1416.5,1494.2,1551,
1.22901973135304,24,436,474432,1017.95,1033,1067,1109.5,1164,1236.2,1285.05,
5.97318023617845,30,489,703710,159,160,164,170,177,185,191,
3.70259548223112,417,419,529578,194,196,201,208,216,226,232.05,
3.31722849409562,394,17,619900,215,218,223,232,241,251,259.05,
3.73253891430795,18,487,22785,185,187,192,198,206,215.1,221,
1.1242846385343,488,323,667695,1948.9,1993,2101.75,2224,2407.25,2593.2,2729.05,
5.92488203328103,96,40,341562,159,161,165,170,177,184,190,
5.99708172145765,425,182,232118,153,155,159,164,171,178,184,
5.85059790231753,266,479,289396,154,156,160,166,173,181,186,
5.4992860856466,496,134,455709,159,161,165,170,177,186,191.05,
5.1179150237469,476,370,598327,164,166,170,176,183,191,198,
5.99641897401307,3,351,646830,160,161,165,170,177,185,189,
2.62661472214386,2,490,586122,264.95,267,273.75,282,293,306,316,
2.39329225923866,422,324,470486,278,281,289,298,310,325,333.05,
2.87193166408688,24,483,392452,234,237,243,251,262,274,283,
1.61593337547965,404,216,553340,494,499,512,529,549,576.1,597,
3.07455413257703,374,212,320809,218,220,225,232,242,252,259,
4.6790262526134,213,297,541600,173,175,179,185,192,201,207,
4.61239355558064,356,488,609920,172,175,179,185,193,202,206.05,
2.12168394520413,285,8,617357,338.95,342.9,350,361,377,393.1,403.05,
2.04224618203007,21,498,976538,386.95,392,400.75,414,431,449,461,
1.12065219010692,94,419,850789,2990.5,3154.9,3402.75,3753,4183.75,4649.1,5015.25,
4.57321864715777,53,280,918839,183,186,190,196,204,214,219.05,
3.78794552660547,500,226,704836,196,198,203,210,218,228,236,
4.46157913936768,489,339,872703,180.95,182,187,193,200,210,215,
4.85415955057833,392,313,976550,175,177,181,187,194,203.1,209,
4.17822997656185,474,498,536241,180,183,187,193,201,210,217,
1.78789996472187,24,222,646234,448,453,463,479,498,519,538,
2.45024091498926,488,203,84965,253,256,262,269.5,281,293,301.05,
3.04702327921987,53,279,652982,236,239,244,252,262,273,281,
3.90565758161247,23,154,628182,198,202,207,212,220,229,236,
4.69401421407238,490,35,629309,174,176,180,185,193,201,208,
4.01253459767904,477,244,128799,177,180,184,190,197,206,212,
3.20548447233159,498,472,712124,220,223,228,236,246,257,263,
1.81292645863723,438,420,344907,378,384,394,407,425,444,457,
4.50987361504231,488,264,119401,167,169.9,174,179,187,195,200,
